,blockNumber,timeStamp,hash,nonce,blockHash,from,contractAddress,to,value,tokenName,tokenSymbol,tokenDecimal,transactionIndex,gas,gasPrice,gasUsed,cumulativeGasUsed,input,confirmations
0,3904923,2017-06-20 20:45:26,0x09a9ce5bf11731dea637a7a0a1eb1652e6b9cf735a735665ad1c07d69a082b79,2,0x35aa88a0cad217d033ab205b6e8d033fd6b33ecdb9dd803fa579f343f0cc2df2,0x0000000000000000000000000000000000000000,0x744d70fdbe2ba4cf95131626614a1763df805b9e,0x6b4e746fa3c8fd5ec1861833c883360c11c4c5b3,1.2e+23,StatusNetwork,SNT,18,44,200000,50000000000,124481,3257958,deprecated,11279160
1,3906085,2017-06-21 02:21:33,0x1769a450bcf3ad018702c4fb7c959dc2ca545c18984fabf362c1ccf2b407a67b,3,0xb92c032b0cd481b50798fb6aa09d3328783fd77ccf185d00141b9b6b92eded7a,0x0000000000000000000000000000000000000000,0x744d70fdbe2ba4cf95131626614a1763df805b9e,0x6b4e746fa3c8fd5ec1861833c883360c11c4c5b3,6e+22,StatusNetwork,SNT,18,24,200000,50000000000,95723,4181383,deprecated,11277998
2,3907130,2017-06-21 07:29:31,0x06b5d8e6bca43d8c20ffd78568350fc7e32a7122ee9774169f1d176feb847f98,4,0x1ba9252c34e467c44e2a9022a0c132c8822fb9195a2dc43af303f626cebea2fc,0x0000000000000000000000000000000000000000,0x744d70fdbe2ba4cf95131626614a1763df805b9e,0x6b4e746fa3c8fd5ec1861833c883360c11c4c5b3,3e+22,StatusNetwork,SNT,18,11,200000,50000000000,95723,1792237,deprecated,11276953
3,3942607,2017-06-28 11:57:54,0x9d799a17ef6842844b543f709ae7b7cabcf0f346359a0fcea63770cd407542df,9,0x732313816f22333b726de66885025b4e824001cda9518a76554f15fda07c750d,0x6b4e746fa3c8fd5ec1861833c883360c11c4c5b3,0x744d70fdbe2ba4cf95131626614a1763df805b9e,0xfbd9517c730aaee4c0c1fde672b2a27f231da461,2e+22,StatusNetwork,SNT,18,43,120000,20000000000,103563,3078924,deprecated,11241476
4,3942775,2017-06-28 12:45:02,0x5e33331133d1c391f540ef4d530e9c31405b149f85ba747108deaf4c9636e22b,11,0xb5422334f6f5eaaf6b0bfce5b1c5da36fa9cfa3694fa1c54849a9ef16fc76767,0x6b4e746fa3c8fd5ec1861833c883360c11c4c5b3,0x744d70fdbe2ba4cf95131626614a1763df805b9e,0x488d42a4aa4172b2edf0a24d89ba2a23252dd983,3e+22,StatusNetwork,SNT,18,69,120000,35000000000,103563,4645668,deprecated,11241308
5,3942810,2017-06-28 12:55:48,0x3f83062c8bf48170478b7fd93aab2a0f637530482ba55957600807e39ee0b614,12,0x41d08e065aea858b9b978e8d2846da35fac5e89f3abae79c1b1302a221275c11,0x6b4e746fa3c8fd5ec1861833c883360c11c4c5b3,0x744d70fdbe2ba4cf95131626614a1763df805b9e,0xfbd9517c730aaee4c0c1fde672b2a27f231da461,3e+22,StatusNetwork,SNT,18,48,120000,35000000000,91258,4536438,deprecated,11241273
6,3942981,2017-06-28 13:48:04,0xb87c812718589b9249b8f6ee544d13a7dab2e4f012b71f6656e69d5bd513d610,13,0x9c675cd6a57f7b22fc6db5a10589215266e1ee75edaa8975e5d672f49ec1b4f3,0x6b4e746fa3c8fd5ec1861833c883360c11c4c5b3,0x744d70fdbe2ba4cf95131626614a1763df805b9e,0xfbd9517c730aaee4c0c1fde672b2a27f231da461,8e+22,StatusNetwork,SNT,18,54,120000,35000000000,91194,3558609,deprecated,11241102
7,3946842,2017-06-29 08:19:10,0x8f18aac8f5738db2330e7d16663db16e9ddda7e3563b431a213a2c19a13248ca,15,0x546936c80fa59e37b08886ca50f95d141ddcacb04a8077cd0b7abba9bb36dc35,0x6b4e746fa3c8fd5ec1861833c883360c11c4c5b3,0x744d70fdbe2ba4cf95131626614a1763df805b9e,0xaeb6b5e66856e5dfa0b584058d9b6589320b8938,1e+18,StatusNetwork,SNT,18,45,120000,35000000000,103435,1648175,deprecated,11237241
8,3982991,2017-07-06 12:24:31,0x29f6bc31040fb1513540811168d6aa76aa155c95e446687eecb66db24aa53f37,18,0x4b5e6935d4824572532a4a7d113fe47b658df6a48898757021003d3f72b6e64d,0xd0a6e6c54dbc68db5db3a091b171a77407ff7ccf,0x86fa049857e0209aa7d9e616f7eb3b3b78ecfdb0,0x6b4e746fa3c8fd5ec1861833c883360c11c4c5b3,0.0,EOS,EOS,18,26,400000,21000000000,309202,1364203,deprecated,11201092
9,3982991,2017-07-06 12:24:31,0x29f6bc31040fb1513540811168d6aa76aa155c95e446687eecb66db24aa53f37,18,0x4b5e6935d4824572532a4a7d113fe47b658df6a48898757021003d3f72b6e64d,0xd0a6e6c54dbc68db5db3a091b171a77407ff7ccf,0x86fa049857e0209aa7d9e616f7eb3b3b78ecfdb0,0x6b4e746fa3c8fd5ec1861833c883360c11c4c5b3,0.0,EOS,EOS,18,26,400000,21000000000,309202,1364203,deprecated,11201092
10,3982991,2017-07-06 12:24:31,0x29f6bc31040fb1513540811168d6aa76aa155c95e446687eecb66db24aa53f37,18,0x4b5e6935d4824572532a4a7d113fe47b658df6a48898757021003d3f72b6e64d,0xd0a6e6c54dbc68db5db3a091b171a77407ff7ccf,0x86fa049857e0209aa7d9e616f7eb3b3b78ecfdb0,0x6b4e746fa3c8fd5ec1861833c883360c11c4c5b3,0.0,EOS,EOS,18,26,400000,21000000000,309202,1364203,deprecated,11201092
11,3982991,2017-07-06 12:24:31,0x29f6bc31040fb1513540811168d6aa76aa155c95e446687eecb66db24aa53f37,18,0x4b5e6935d4824572532a4a7d113fe47b658df6a48898757021003d3f72b6e64d,0xd0a6e6c54dbc68db5db3a091b171a77407ff7ccf,0x86fa049857e0209aa7d9e616f7eb3b3b78ecfdb0,0x6b4e746fa3c8fd5ec1861833c883360c11c4c5b3,0.0,EOS,EOS,18,26,400000,21000000000,309202,1364203,deprecated,11201092
12,3982991,2017-07-06 12:24:31,0x29f6bc31040fb1513540811168d6aa76aa155c95e446687eecb66db24aa53f37,18,0x4b5e6935d4824572532a4a7d113fe47b658df6a48898757021003d3f72b6e64d,0xd0a6e6c54dbc68db5db3a091b171a77407ff7ccf,0x86fa049857e0209aa7d9e616f7eb3b3b78ecfdb0,0x6b4e746fa3c8fd5ec1861833c883360c11c4c5b3,0.0,EOS,EOS,18,26,400000,21000000000,309202,1364203,deprecated,11201092
13,3982991,2017-07-06 12:24:31,0x29f6bc31040fb1513540811168d6aa76aa155c95e446687eecb66db24aa53f37,18,0x4b5e6935d4824572532a4a7d113fe47b658df6a48898757021003d3f72b6e64d,0xd0a6e6c54dbc68db5db3a091b171a77407ff7ccf,0x86fa049857e0209aa7d9e616f7eb3b3b78ecfdb0,0x6b4e746fa3c8fd5ec1861833c883360c11c4c5b3,7.916385801048423e+19,EOS,EOS,18,26,400000,21000000000,309202,1364203,deprecated,11201092
14,4020735,2017-07-14 10:27:26,0xd87ada89bce5b8f5fb1894f59a44c2f60fe97e37768052d74f681418e2bac8c5,328,0xa36e61e2228f374055e81879478b5e8ae9d9ae60988751555b43bb1172631876,0x414755edffa43707f7d51600edf9ecbe57152a8a,0x9a642d6b3368ddc662ca244badf32cda716005bc,0x6b4e746fa3c8fd5ec1861833c883360c11c4c5b3,9.99e+19,Qtum,QTUM,18,103,90000,20000000000,51539,4459824,deprecated,11163348
15,4058666,2017-07-22 17:36:25,0xb16023f8b2eae40f14d23a68edecc899eb68af99748b7c8878296cab7be754e2,20,0xa5e00a7ae452f1149d3d5c10cb89a6319137f6a967251232899937f541d8541c,0x6b4e746fa3c8fd5ec1861833c883360c11c4c5b3,0x744d70fdbe2ba4cf95131626614a1763df805b9e,0x39196e4c21bf0f932c33f27cca9539078057a47b,4.9999e+22,StatusNetwork,SNT,18,54,120000,20000000000,103563,2777808,deprecated,11125417
16,4060806,2017-07-23 04:37:46,0x73418a7c7626bbce4073079de64902d167cbb8ea4ea5e2dde661aa027222d7fb,21,0xb08fbab54ace195bc02a69d649b9a8508865a5ef21e4205da6e2ff00928a52d4,0x6b4e746fa3c8fd5ec1861833c883360c11c4c5b3,0xb97048628db6b661d4c2aa833e95dbe1a905b280,0x488d42a4aa4172b2edf0a24d89ba2a23252dd983,7.14e+21,TenXPay,PAY,18,35,120000,15000000000,52129,1258199,deprecated,11123277
17,4061211,2017-07-23 06:47:07,0x9113fc4cc56e46761e4b3e4f4e2f56ae002a94f2f4579d092a4a59200dc42458,83402,0xcd383f6551da47e2f2c94007e2683cf3b2fa945c188ea8e81247311d05ef8a72,0x69ea6b31ef305d6b99bb2d4c9d99456fa108b02a,0x744d70fdbe2ba4cf95131626614a1763df805b9e,0x6b4e746fa3c8fd5ec1861833c883360c11c4c5b3,1.29999e+23,StatusNetwork,SNT,18,57,150000,20000000000,70574,2841950,deprecated,11122872
18,4061356,2017-07-23 07:31:50,0x751355423d9cc6eb87b359e7baf4e799f698da3324822eacec76eec8321d1ef6,22,0x90bd28fe3c9ab63828416f78af4429d9d66bf7af83b77d8ea359916457c95b8c,0x6b4e746fa3c8fd5ec1861833c883360c11c4c5b3,0x744d70fdbe2ba4cf95131626614a1763df805b9e,0x39196e4c21bf0f932c33f27cca9539078057a47b,1.29999e+23,StatusNetwork,SNT,18,68,120000,15000000000,91258,3827027,deprecated,11122727
19,4063111,2017-07-23 16:36:20,0xd499d2e901b9bd8ce35216327ecfabdf17fda5662e111da2a8f4a2cf83e6003f,23,0xa91f2c4ac9d7ae1a9c596b606826fb33868394e10f7d4460c09213b625f12ac9,0x6b4e746fa3c8fd5ec1861833c883360c11c4c5b3,0x86fa049857e0209aa7d9e616f7eb3b3b78ecfdb0,0x39196e4c21bf0f932c33f27cca9539078057a47b,7.91638e+19,EOS,EOS,18,41,120000,10000000000,55907,1063110,deprecated,11120972
20,4063117,2017-07-23 16:38:45,0xd2d7224a95bdd78dc9a997ffd5fc02c3582369a6677cc1f80be2201724589289,24,0x8b414b047eab1c572378553527cea7f43664ac004d5f2365d09646044d47c940,0x6b4e746fa3c8fd5ec1861833c883360c11c4c5b3,0x9a642d6b3368ddc662ca244badf32cda716005bc,0x39196e4c21bf0f932c33f27cca9539078057a47b,9.99e+19,Qtum,QTUM,18,45,120000,5000000000,21539,1066103,deprecated,11120966
21,4071098,2017-07-25 09:54:17,0xc974ff8dc5299cd5e6fc07b92d8e459c100b1d4f62d7b9dd49c3b78a142fa09a,717,0x6fb325175d26bccfdb05f17b37b78a0f4170bb8b59f8ac1a3ed978e010bab6cb,0x003069c3cb92edbcd91f99774b405cbfe3b8d481,0xcb97e65f07da24d46bcdd078ebebd7c6e6e3d750,0x6b4e746fa3c8fd5ec1861833c883360c11c4c5b3,3314200000000.0,Bytom,BTM,8,73,90000,22000000000,51411,3057953,deprecated,11112985
22,4075475,2017-07-26 08:40:06,0xea9ee7e37c18f6920570afb7264fdbe30a6f4c022b7605b916ee5944c4181cdf,25,0x5e216915280d633122e946fea4745feba748b0ca79cf856a38df82fd75c7a85e,0x6b4e746fa3c8fd5ec1861833c883360c11c4c5b3,0xcb97e65f07da24d46bcdd078ebebd7c6e6e3d750,0xfbd9517c730aaee4c0c1fde672b2a27f231da461,3314200000000.0,Bytom,BTM,8,25,120000,10000000000,36411,1124855,deprecated,11108608
23,4114867,2017-08-04 06:34:52,0xf1667247fc486d1ed6478e67e5d490bad655717a9d52aedfd780a287268e592f,12,0x5e8ae4d92ff0844c0baea0444ffa30847134f95045c94057f2a545899cea3b61,0xaeb6b5e66856e5dfa0b584058d9b6589320b8938,0xb97048628db6b661d4c2aa833e95dbe1a905b280,0x6b4e746fa3c8fd5ec1861833c883360c11c4c5b3,1.4122535e+21,TenXPay,PAY,18,32,96000,20000000000,37129,1526280,deprecated,11069216
24,4114871,2017-08-04 06:35:58,0x149ce604b0fa1d13d0a7c402b26b6976b889badad228ed2a815ef7e509365087,13,0xbe8001b50a12bcf0440a14910c7bcc17a9977c5a55b32964e6b04e426fd71b32,0xaeb6b5e66856e5dfa0b584058d9b6589320b8938,0x744d70fdbe2ba4cf95131626614a1763df805b9e,0x6b4e746fa3c8fd5ec1861833c883360c11c4c5b3,5.2786693e+21,StatusNetwork,SNT,18,6,180000,20000000000,91322,251843,deprecated,11069212
25,4118335,2017-08-05 02:51:09,0xa3418bd7035273f665f37aace03e0c95af1e73160e5395c52b418e18bc671fc2,26,0x3fc5ae5876c822b1215f979ebfa82679ccba5535b9be631658275628d9ae8b74,0x6b4e746fa3c8fd5ec1861833c883360c11c4c5b3,0xb97048628db6b661d4c2aa833e95dbe1a905b280,0x676cc0c8b29084ad7b98da649564d6506e56a2ba,1e+21,TenXPay,PAY,18,29,96000,21000000000,52065,825075,deprecated,11065748
26,4118716,2017-08-05 05:13:28,0xc6f63f17446d026cbbda1890e192de4da11496636e2e80ff03104b17f635ac9a,27,0x0b40b1a64801600ebc2a6023765409226292105173363707311d2fea9f457de8,0x6b4e746fa3c8fd5ec1861833c883360c11c4c5b3,0xb97048628db6b661d4c2aa833e95dbe1a905b280,0x676cc0c8b29084ad7b98da649564d6506e56a2ba,5e+21,TenXPay,PAY,18,72,96000,21000000000,52129,2472906,deprecated,11065367
27,4119103,2017-08-05 07:26:46,0x3d3da0d53eaa50ca444e7f5186ae35507874069a5708d00a640187a02ab1a232,28,0x4dc8ccdab6a8eafdc0c4bb39e961b5e79fc97bbad6f4baecbc3824e9d3aa2d2f,0x6b4e746fa3c8fd5ec1861833c883360c11c4c5b3,0xb97048628db6b661d4c2aa833e95dbe1a905b280,0x676cc0c8b29084ad7b98da649564d6506e56a2ba,4e+21,TenXPay,PAY,18,48,96000,21000000000,52065,1541216,deprecated,11064980
28,4123619,2017-08-06 10:30:55,0xcc1db5e94088f047995601f626654b053e79fb078bc2499d984c8dc4ae93791d,29,0x9c1b42c01477cad7b92460b6cf943499c4840aebd08edbd07315b83179eeda16,0x6b4e746fa3c8fd5ec1861833c883360c11c4c5b3,0x744d70fdbe2ba4cf95131626614a1763df805b9e,0x39196e4c21bf0f932c33f27cca9539078057a47b,5.2786693e+21,StatusNetwork,SNT,18,16,180000,21000000000,91322,1029747,deprecated,11060464
29,4123643,2017-08-06 10:38:27,0xb4b9eb7658ff8eb337b755c250f0f9ff1707f21f182dd153c445a25f8cb5acfe,30,0xff9d0b4de6dcd24b5e60041989e25480ab73ab60c27bb0e5d94529328efd4058,0x6b4e746fa3c8fd5ec1861833c883360c11c4c5b3,0xb97048628db6b661d4c2aa833e95dbe1a905b280,0xfbd9517c730aaee4c0c1fde672b2a27f231da461,4e+21,TenXPay,PAY,18,22,96000,1000000000,52065,1481137,deprecated,11060440
30,4128031,2017-08-07 12:18:09,0x5145d3d9b9d1645d782ffb813d71d833cdc69da407576f037cbd723fe1a4f6ae,31,0x2cf8a7c34694b136d81aa993899c7afaa137be519dec4a0238d0a96002e56413,0x6b4e746fa3c8fd5ec1861833c883360c11c4c5b3,0xb97048628db6b661d4c2aa833e95dbe1a905b280,0x676cc0c8b29084ad7b98da649564d6506e56a2ba,4e+21,TenXPay,PAY,18,38,96000,1000000000,52065,1527490,deprecated,11056052
31,4128162,2017-08-07 12:57:32,0x06da15dc34d32fd0d2b472948cd3c5e13e8d25dd3bdaf75b6f3116816b497c3e,201710,0xe5735bd5baa9f41122217e3e9b69b4c4438ac695c7580069b83de06469e6bd47,0xd94c9ff168dc6aebf9b6cc86deff54f3fb0afc33,0x9a642d6b3368ddc662ca244badf32cda716005bc,0x6b4e746fa3c8fd5ec1861833c883360c11c4c5b3,1.5e+21,Qtum,QTUM,18,6,150000,50000000000,51539,410731,deprecated,11055921
32,4128176,2017-08-07 13:04:15,0xe97b54828348465a4aa3f8ac7783c8a9db0e442ec5a6af0df6455462caa8cf80,32,0x51a7bdcabc61cdb2275ecb5d4e3dfd730bd37ed2abd8b686a2a0d3d0a4dfa676,0x6b4e746fa3c8fd5ec1861833c883360c11c4c5b3,0x9a642d6b3368ddc662ca244badf32cda716005bc,0xd8ceb6f537a95197ee3d8a3c6fd49269e2f1f480,1.5e+21,Qtum,QTUM,18,64,60000,1000000000,36539,2934680,deprecated,11055907
33,4142997,2017-08-11 04:38:46,0xbad7e674a84e8e5ff964c24f82552fdc710e010b9ff982f48eaa800e68d5badf,33,0x1e7b41d4a0db2c8c10e8220fce9d38609bf155f8e68abb2b106090321916d1b0,0x6b4e746fa3c8fd5ec1861833c883360c11c4c5b3,0xb97048628db6b661d4c2aa833e95dbe1a905b280,0xfbd9517c730aaee4c0c1fde672b2a27f231da461,4.2e+21,TenXPay,PAY,18,45,96000,10161193984,52065,2476889,deprecated,11041086
34,4176436,2017-08-19 06:23:28,0xa086f313a79111c19e810016aad195407acfc13235afd780d59d923f838bd96f,26,0xe96704475ac81215195c432e552009c86cc153ff2a5e4c18e6586475ca581f58,0x074be621de0a95606bf821ec19688f62aaa3c1f2,0xd850942ef8811f2a866692a623011bde52a462c1,0x6b4e746fa3c8fd5ec1861833c883360c11c4c5b3,8e+18,VeChain,VEN,18,48,96000,21000000000,62427,1739216,deprecated,11007647
35,4184272,2017-08-21 03:28:08,0x682fedf2c759a38eae3db15c32f8afc5d476700d3538010d3c9a774d77be076e,46,0x368be722c97ddbf1b384c6e37a718a74bd3bed0728e0518b1cf52b4e2b8817bb,0x6b4e746fa3c8fd5ec1861833c883360c11c4c5b3,0xd850942ef8811f2a866692a623011bde52a462c1,0x118a83fc0f1768ad19ade382e2dbceda101a1b46,1e+18,VeChain,VEN,18,120,96000,1000000000,54707,6593956,deprecated,10999811
36,4188897,2017-08-22 05:41:34,0x669b62421149249810d04c453920cb58e78dfb609f4488db7ca89af980b6da13,9,0xa4b46d95f2da2b01b78ef846e6a6b5b87ffc316bce62fa19fb09325756875705,0xb1a8756d9d020a48eed4ef5b01844ae7e52a85e1,0xd850942ef8811f2a866692a623011bde52a462c1,0x6b4e746fa3c8fd5ec1861833c883360c11c4c5b3,1e+18,VeChain,VEN,18,44,47648,25575138398,39707,4986000,deprecated,10995186
37,4189509,2017-08-22 09:25:06,0x6bb7db597c59e55d904e991d48df18be38a3490021232d19d9206e975d40c45f,69,0x88238b694f25409f1ee7ac90cb25fd0d9502d32e47889aa815bb7887bfa3fc34,0xb1a8756d9d020a48eed4ef5b01844ae7e52a85e1,0xd850942ef8811f2a866692a623011bde52a462c1,0x6b4e746fa3c8fd5ec1861833c883360c11c4c5b3,1.207499e+24,VeChain,VEN,18,9,61000,20000000000,39835,298019,deprecated,10994574
38,4190037,2017-08-22 12:36:37,0x38d544032b1934bef9f1e0782cde90d191932c2873ea03fdfe5303b37d174810,47,0x740bb67867f23d742e0c909c01a97f9e4a51e3b70242e84d17d0be4f9b147983,0x6b4e746fa3c8fd5ec1861833c883360c11c4c5b3,0xd850942ef8811f2a866692a623011bde52a462c1,0x39196e4c21bf0f932c33f27cca9539078057a47b,1e+23,VeChain,VEN,18,68,96000,1000000000,54835,1773577,deprecated,10994046
39,4190057,2017-08-22 12:41:44,0x0269e433c1047e5d98f46fc4950c5a72c7e72d5f4aa9fa74339d6c226b482b08,48,0xf60b009f1b873d17c784d2cba9f15604149bca5c8d6a8f0f58342721aba538e0,0x6b4e746fa3c8fd5ec1861833c883360c11c4c5b3,0xd850942ef8811f2a866692a623011bde52a462c1,0x39196e4c21bf0f932c33f27cca9539078057a47b,1e+23,VeChain,VEN,18,40,96000,1000000000,39835,1114076,deprecated,10994026
40,4192504,2017-08-23 02:25:40,0x380786e6763f9f93f35d3046190dc81064b476d49b83df31698588f1e5058931,49,0x5f59badc5023c549cb845fd6313c64a7070e284c34cd8545c3b4998b34e82467,0x6b4e746fa3c8fd5ec1861833c883360c11c4c5b3,0xd850942ef8811f2a866692a623011bde52a462c1,0x39196e4c21bf0f932c33f27cca9539078057a47b,5e+23,VeChain,VEN,18,124,96000,1000000000,39835,3790716,deprecated,10991579
41,4240133,2017-09-05 06:30:08,0x0f1742a9eec61c597db6f35dced850fec49218334e14ed79b066d7b740cbfa7e,295053,0x637aefb86938d41124b180797ebf2100297d12d1cd791ea153d5d647f1d1096b,0xd94c9ff168dc6aebf9b6cc86deff54f3fb0afc33,0xd850942ef8811f2a866692a623011bde52a462c1,0x6b4e746fa3c8fd5ec1861833c883360c11c4c5b3,2e+23,VeChain,VEN,18,65,150000,50000000000,39771,2566212,deprecated,10943950
42,4240363,2017-09-05 08:07:17,0xc768313aed01eff606aecdc91221b96e188145a278779f8ee969b3ed9e5af035,295966,0x5b97c00b56f4eee3b2f59ec547e503c18aee467544c9a28fc27506e4de5215b8,0xd94c9ff168dc6aebf9b6cc86deff54f3fb0afc33,0xd850942ef8811f2a866692a623011bde52a462c1,0x6b4e746fa3c8fd5ec1861833c883360c11c4c5b3,3e+23,VeChain,VEN,18,86,150000,50000000000,39835,2894402,deprecated,10943720
43,4244249,2017-09-06 10:52:58,0x6849c3aeb4506eeeb3c55cc4e4df84f22c584ad0d0fe92d54b13b5e051d994da,297355,0x1d2742612321b5cbeeb7b3e1dd6c92ab97df5c4a148dd6af74a152df71839cfc,0xd94c9ff168dc6aebf9b6cc86deff54f3fb0afc33,0x86fa049857e0209aa7d9e616f7eb3b3b78ecfdb0,0x6b4e746fa3c8fd5ec1861833c883360c11c4c5b3,1.4254958e+21,EOS,EOS,18,18,150000,50000000000,40907,841651,deprecated,10939834
44,4244320,2017-09-06 11:24:14,0x93fb882fde04551b83386fad016e6929adcb8b343a03caeafb0220bf2310d537,298765,0xc21facdd3702c673cfc0415226486f7975bf0a2c1956c8dad209cfc672b2c4a2,0xd94c9ff168dc6aebf9b6cc86deff54f3fb0afc33,0x9a642d6b3368ddc662ca244badf32cda716005bc,0x6b4e746fa3c8fd5ec1861833c883360c11c4c5b3,1.237676e+21,Qtum,QTUM,18,92,150000,50000000000,51539,4510431,deprecated,10939763
45,4244395,2017-09-06 11:57:27,0xb52a5ea124e0ff7d1aa843164a60528e18a794ab38c9636ffd7c336d0a339230,299654,0x79c7c6bdfe3dbd0ba1191c5c119b9fba2d58f64fb59a15adb7eab3ab6c3efbc2,0xd94c9ff168dc6aebf9b6cc86deff54f3fb0afc33,0xd850942ef8811f2a866692a623011bde52a462c1,0x6b4e746fa3c8fd5ec1861833c883360c11c4c5b3,4.5324366792e+23,VeChain,VEN,18,34,150000,50000000000,39835,2280569,deprecated,10939688
46,4246806,2017-09-07 04:01:30,0x4c45d8a9f68461570339de4dc15e354b7c59b039c480e46efb6eb09dafc9dfcb,307491,0x4c6056758b7bbcb6385b07a3610c74c4d06cd7acb9da5ad194c704fcfa0668c1,0xd94c9ff168dc6aebf9b6cc86deff54f3fb0afc33,0x744d70fdbe2ba4cf95131626614a1763df805b9e,0x6b4e746fa3c8fd5ec1861833c883360c11c4c5b3,1.652766693e+23,StatusNetwork,SNT,18,62,150000,50000000000,70638,4449249,deprecated,10937277
47,4247070,2017-09-07 05:48:16,0x26b180b86f9a0d5138afb88a75bf2826232e1ff720fc964d999d86ce5051ef3c,50,0xf92beb0d639a158e201aa6d1c7f7922eabcb31885cd5286afddb33b3011ce5aa,0x6b4e746fa3c8fd5ec1861833c883360c11c4c5b3,0xd850942ef8811f2a866692a623011bde52a462c1,0x5cd9f1c602ca78444142568958151027b1334d36,1e+18,VeChain,VEN,18,49,96000,1000000000,54707,1628553,deprecated,10937013
48,4254036,2017-09-09 04:29:30,0xecac15b0758f69521fb40802acb5dcdf34badedcf86545dac88de13a1a317e1e,52,0x6319aa5d6113001fcf62cba45d38ad25ac618832ea70d99b01fde311eee56856,0x6b4e746fa3c8fd5ec1861833c883360c11c4c5b3,0xd850942ef8811f2a866692a623011bde52a462c1,0x8d12a197cb00d4747a1fe03395095ce2a5cc6819,1e+21,VeChain,VEN,18,42,250000,4000000000,55341,2000999,deprecated,10930047
49,4264784,2017-09-12 04:46:24,0x491617e57bb3515c05a88d301d5cf23e81a022530b77ce83e91603e356bdf6a2,53,0xcbc40aa86635426bfe79b3f8873c227352c6b5e950950003d63c239e119871aa,0x6b4e746fa3c8fd5ec1861833c883360c11c4c5b3,0x744d70fdbe2ba4cf95131626614a1763df805b9e,0x47e3f4cb1bff98dbf5bede3dd5041eb99c8005ce,6e+22,StatusNetwork,SNT,18,33,180000,1000000000,91258,1407735,deprecated,10919299
50,4267628,2017-09-12 23:42:40,0xc4a70bc33b0d08f02cbd73b97de079f05481c9c6865675205735b38e4027c597,10823,0x6f02d2f962d6a2f58bec918424f2686f8b4ddea523118a37de21dae5133706fb,0xd7d0f507e4ecb367f435939fee0605413cacddb6,0x94d6b4fb35fb08cb34aa716ab40049ec88002079,0x6b4e746fa3c8fd5ec1861833c883360c11c4c5b3,100000000000.0,Cryptonex,CNX,8,87,90000,5000000000,52687,4001450,deprecated,10916455
51,4269851,2017-09-13 14:54:22,0x2b2c9ff71c1f7f237b50c4ae0d72ade280356ac2c40e07e779e2b986e1e60796,54,0x4ffc26598203a9c441752b34c57dbd5a91911ad7a71e363ffecc6de13cbb3c2d,0x6b4e746fa3c8fd5ec1861833c883360c11c4c5b3,0xd850942ef8811f2a866692a623011bde52a462c1,0xd863f671c882542be09caa7f45c733e8584e4cbc,1e+23,VeChain,VEN,18,89,96000,2329850624,54835,2136403,deprecated,10914232
52,4281259,2017-09-16 19:14:52,0xed76929730761772672b8e9baeedeb65ecbe08ff2f51f3b2717dd8a3ad947a66,1034,0x3a9a399e0ec51d919b1a6e11f493865694d6b02bce399f376da6e89b458b6042,0x862cb5b6eeaafb26ebb137e0c3c5d7728800439a,0xd26114cd6ee289accf82350c8d8487fedb8a0c07,0x6b4e746fa3c8fd5ec1861833c883360c11c4c5b3,1.077849275375576e+18,OMG Network,OMG,18,31,3020000,4000000000,2885493,4307004,deprecated,10902824
53,4286583,2017-09-18 06:24:28,0xb12d713c0fdbe22ec821aa97698123865aac801e239551396df1e2ba6a3689b5,6786,0x22959c406b5fead5a15974c569608544f6ad9c3d519c8661dddcd45c42a3d9a8,0xcdb207828d68642a0a16a5f2423e5fb950e44686,0x96a65609a7b84e8842732deb08f56c3e21ac6f8a,0x6b4e746fa3c8fd5ec1861833c883360c11c4c5b3,1.2e+18,Centra,CTR,18,10,200000,28000000000,52579,389212,deprecated,10897500
54,4312329,2017-09-26 04:45:34,0x6b867d7b1991d61c7a0833d526846b6a98252d18379837ce87152caadd46f169,12,0xd7e78f2995dd58d62276c4542514de65d54f2809bdc4aa7d5aeb8d7f34cb4ed9,0x9b5ecd80d37dca4c916629e2e3449c6c4c4cc77b,0xd850942ef8811f2a866692a623011bde52a462c1,0x6b4e746fa3c8fd5ec1861833c883360c11c4c5b3,5e+20,VeChain,VEN,18,39,96000,8979104768,39771,1119207,deprecated,10871754
55,4329267,2017-10-02 02:50:10,0xf615153f08a7d4073d157d3009165b80f256c5145b7004eb4d77bb3ee0a24461,55,0x238f365b1382581d9d0710f15539dcf1538f7ceabc2c90ba630dafd7e3555238,0x6b4e746fa3c8fd5ec1861833c883360c11c4c5b3,0x9a642d6b3368ddc662ca244badf32cda716005bc,0xd8ceb6f537a95197ee3d8a3c6fd49269e2f1f480,1.236e+21,Qtum,QTUM,18,75,60000,1000000000,51475,2614560,deprecated,10854816
56,4329276,2017-10-02 02:55:57,0x1de7632512c09978951a448acb86eda7bb02e75121c5d736b8c55cb35dfeb119,56,0x209a7adb37b773c5800bc878bcfe2533f08508a8b730172f55c3840c9df6632f,0x6b4e746fa3c8fd5ec1861833c883360c11c4c5b3,0x744d70fdbe2ba4cf95131626614a1763df805b9e,0x6c541d58744628bcbc945dd501aecec4dc2f1b42,1.052766693e+23,StatusNetwork,SNT,18,170,180000,1000000000,103627,6226555,deprecated,10854807
57,4330459,2017-10-02 12:48:03,0x366a580aaf4081f2136205cf6f7efbf876446cc5ef57cf5ee2c15c322574e7e6,57,0x4b6a41f1888094cdecfd9088bea1cb4c976f8f5511642b6911c20431515131c0,0x6b4e746fa3c8fd5ec1861833c883360c11c4c5b3,0xd850942ef8811f2a866692a623011bde52a462c1,0xd863f671c882542be09caa7f45c733e8584e4cbc,1e+23,VeChain,VEN,18,131,96000,1000000000,54835,4376984,deprecated,10853624
58,4350842,2017-10-09 14:53:47,0xbc7b14759bf243ae82928f340465cf4ae27e8a2c5ceae87c3c9b95f5a8d51197,59,0xd04795457410ac4c5f1d7c991c1e48b1e322ec148cb768d488ea68239966ccc0,0x6b4e746fa3c8fd5ec1861833c883360c11c4c5b3,0xd850942ef8811f2a866692a623011bde52a462c1,0xd863f671c882542be09caa7f45c733e8584e4cbc,2e+23,VeChain,VEN,18,88,96000,21000000000,54771,2669829,deprecated,10833241
59,4352981,2017-10-10 08:55:52,0x663686e836ab130a9682c870d15f45885611e31d48b21ac5d3687545f8859c6b,542,0xc2f346b9e128fdbed085abf2627e38e8d39dfc30ce23810ce73f3a89b8bcf64f,0x72002915559a0b586e8b71349f15679a9e784d22,0xf8e386eda857484f5a12e4b5daa9984e06e73705,0x6b4e746fa3c8fd5ec1861833c883360c11c4c5b3,1e+18,Indorse,IND,18,32,3800000,8000000000,3292732,4844380,deprecated,10831102
60,4373702,2017-10-16 23:14:23,0xa030123a07544837159d24e7c27568c9f27b520dc7d174e2c6a50a2b1ab1ad54,4645,0x0df91b03a3f6e6802cc7abff32e95581c657bcc199af85d9e3f380477c8ef3cf,0x0a860fbdbb2a9acb0fe1d7c7da1b35c2cf1be751,0xb9b4cfe4194d7e8511aa9b9f1260bc7b9634249e,0x6b4e746fa3c8fd5ec1861833c883360c11c4c5b3,100000000.0,REGA Risk Sharing preICO Token,RST-P,10,31,200000,2000000000,51908,1896585,deprecated,10810381
61,4383554,2017-10-18 14:00:07,0x4a7287f6f539a652605fa27dddc98c91ddf29ce77fed59b28e5a564dddad8e5f,60,0xeb3469077132001638977239a40001cfe7974fec64c73bba356ca14d012c3085,0x6b4e746fa3c8fd5ec1861833c883360c11c4c5b3,0xd850942ef8811f2a866692a623011bde52a462c1,0x18da0996a0e2d781a1b228e05c08e2dcc467dc73,1e+23,VeChain,VEN,18,45,96000,20000000000,54835,1182633,deprecated,10800529
62,4413568,2017-10-23 09:10:21,0xa002c528b27922357d688f3698f2e13ce68d1273fb6ab6f670f1b147ee81c465,322,0x15fe03e4c8bda44225360368d7bd902990057e9fb5faf6fcb50521d7411fb133,0xb59fdff77a6175dfa4fe7af4281a52f61611eaa2,0xab95e915c123fded5bdfb6325e35ef5515f1ea69,0x6b4e746fa3c8fd5ec1861833c883360c11c4c5b3,1.3563966544406976e+21,XENON,XNN,18,26,4712388,500000000,3131051,4094723,deprecated,10770515
63,4423470,2017-10-24 23:15:05,0xb42e75025439a413e9e211fd7f7f19238515202173b6dda60e05a21ac444c72f,43,0xfe00095c4f695cda6cf0236f8b9af135a48492087a58b949f7d77f68199c6da6,0x160e529055d084add9634fe1c2059109c8ce044e,0xdb455c71c1bc2de4e80ca451184041ef32054001,0x6b4e746fa3c8fd5ec1861833c883360c11c4c5b3,5e+17,Jury.Online,JOT,18,3,6500000,5000000000,3965924,4100654,deprecated,10760613
64,4423470,2017-10-24 23:15:05,0xb42e75025439a413e9e211fd7f7f19238515202173b6dda60e05a21ac444c72f,43,0xfe00095c4f695cda6cf0236f8b9af135a48492087a58b949f7d77f68199c6da6,0x160e529055d084add9634fe1c2059109c8ce044e,0xdb455c71c1bc2de4e80ca451184041ef32054001,0x6b4e746fa3c8fd5ec1861833c883360c11c4c5b3,5e+17,Jury.Online,JOT,18,3,6500000,5000000000,3965924,4100654,deprecated,10760613
65,4425595,2017-10-25 07:36:07,0xf3428b4c5729e14bf648d6b375f98c4be66ef621d214d7fc7a6f68c5378b7433,196430,0x12792f78b7caf76a5efdc192b6d7e82edd673fcd75476fbd5e72ed6554474b37,0x5e575279bf9f4acf0a130c186861454247394c06,0xd850942ef8811f2a866692a623011bde52a462c1,0x6b4e746fa3c8fd5ec1861833c883360c11c4c5b3,1.9997e+23,VeChain,VEN,18,91,150000,2000000000,39835,4387785,deprecated,10758488
66,4425634,2017-10-25 07:45:58,0x6b1d9354a31e23dcdcdf9eb2981d0c4b53db4ee79456afd4379903ddb44c182e,61,0x635616152f5836a8ad6a6aec4f232f885f349124a4ae428161216e32974c0550,0x6b4e746fa3c8fd5ec1861833c883360c11c4c5b3,0xd850942ef8811f2a866692a623011bde52a462c1,0x37df5ec738daa926bdbb6b8540426ce6e4a3b3f1,1e+22,VeChain,VEN,18,91,96000,100000000,54835,6536683,deprecated,10758449
67,4426025,2017-10-25 09:21:55,0x89d40e964562094b7731f678568c93dca23535f053f2bd52188d280926d388c6,62,0xcc41dd23c69586e719c4bda991a4d16ab5618df7ff5283807dfb60443fe8e74f,0x6b4e746fa3c8fd5ec1861833c883360c11c4c5b3,0xd850942ef8811f2a866692a623011bde52a462c1,0x37df5ec738daa926bdbb6b8540426ce6e4a3b3f1,9e+22,VeChain,VEN,18,62,96000,100000000,39835,5395904,deprecated,10758058
68,4441160,2017-10-27 19:56:00,0x8ccf5b6c91cc492791fae27eb33cd1f1c1efdb171d75a997a64f76af442c689a,401,0x5352000232e7f5a54b6d6434238e82a84869e48b76c703aacd522966b0945840,0x160e529055d084add9634fe1c2059109c8ce044e,0xdb455c71c1bc2de4e80ca451184041ef32054001,0x6b4e746fa3c8fd5ec1861833c883360c11c4c5b3,5e+17,Jury.Online,JOT,18,4,6500000,4000000000,5765988,5904938,deprecated,10742923
69,4465462,2017-10-31 18:08:24,0x90d2011480de5a5a2c0471bba8b8637e27d52a55600a89ff9f271414fcf793f2,2184,0x46b77020ab8207ab15ecc3e43382fb2046986c749f47182a67a7f08b394cb24a,0x5586aec6f58086524753d594cec08c4318314299,0x0cf0ee63788a0849fe5297f3407f701e122cc023,0x6b4e746fa3c8fd5ec1861833c883360c11c4c5b3,1.9263155839181176e+18,Streamr (old),XDATA,18,38,4000000,2000000000,2872585,4677893,deprecated,10718621
70,4581786,2017-11-19 11:23:14,0xd40dc72e78cac1f3bd4b03da62f7b09ff56684acdff44738e010f423835679dd,64,0xdf13dbdb6927ed2ad64438c3f39934afd7cd2a8b9bd17fab8ad727032bdbea0a,0x8d12a197cb00d4747a1fe03395095ce2a5cc6819,0xd850942ef8811f2a866692a623011bde52a462c1,0x6b4e746fa3c8fd5ec1861833c883360c11c4c5b3,1e+21,VeChain,VEN,18,152,250000,4000000000,35724,5738294,deprecated,10602297
71,4672487,2017-12-04 05:29:29,0x8ca1841a0616d1ac3b58d8cb239ff99ec618cdcce59270c79ad33db6275918ad,756,0x65719ed32f50cd6a428081dba50e2ad06573bddd83d8ab8ea2f41de57ffe040b,0x26ecfd40b96b7e2725dfb5032b1f7f2796c42945,0xd850942ef8811f2a866692a623011bde52a462c1,0x6b4e746fa3c8fd5ec1861833c883360c11c4c5b3,7.99964e+22,VeChain,VEN,18,182,79670,20000000000,39835,5131594,deprecated,10511596
72,4672493,2017-12-04 05:31:00,0x02848f6f8361136deefd3d14a8477e9b56ec8ea3f3c34dc36518e465d1d37390,231271,0xaffe85d7b4e00a2c7533c2d0cd2fa3078b2f4a60950a9b5d62a9d7efba680472,0x5e575279bf9f4acf0a130c186861454247394c06,0xd850942ef8811f2a866692a623011bde52a462c1,0x6b4e746fa3c8fd5ec1861833c883360c11c4c5b3,9.997e+22,VeChain,VEN,18,55,150000,20000000000,39835,1953359,deprecated,10511590
73,4672504,2017-12-04 05:34:55,0xacfbfe9795f4dbdfb9e47eb68e65a317c21e84c505b8bcc087c7c432a01bac92,27453,0x948623de7e885a0238bdfb2a901cc0d2d686285cc8aa8cd20e296acf1b62e337,0x2b5634c42055806a59e9107ed44d43c426e58258,0xd850942ef8811f2a866692a623011bde52a462c1,0x6b4e746fa3c8fd5ec1861833c883360c11c4c5b3,1.048861269e+23,VeChain,VEN,18,23,47878,20000000000,39899,798523,deprecated,10511579
74,4672571,2017-12-04 05:50:03,0x6f6ec073f75e1afe024cfdb28db4418025ce525caa825e45b0a0ca7f20d1dd6c,65,0x8ac2ae523d0ca4a58d7c62b9c8e25433669ba950cc25ad3334e1a6a4e8b56b1c,0x6b4e746fa3c8fd5ec1861833c883360c11c4c5b3,0xd850942ef8811f2a866692a623011bde52a462c1,0x9cac9f457630d900561f6887c72747402b73e611,2e+23,VeChain,VEN,18,211,96000,8449850368,54707,6647327,deprecated,10511512
75,4672596,2017-12-04 05:57:22,0xc315c84a2086ca8b36e932e2a1bf32174c4f2683ef9fb650de31a936f542a0c4,66,0x391ac9a7a19d134d0ac13095d2c5ff4ab56671392a0bd857d760c4a9b1dffe20,0x6b4e746fa3c8fd5ec1861833c883360c11c4c5b3,0xd850942ef8811f2a866692a623011bde52a462c1,0xeae2dcccc65b778bcdd7692fe3034257066e6d1c,2e+20,VeChain,VEN,18,68,96000,17694326784,54771,3571830,deprecated,10511487
76,4675111,2017-12-04 16:34:00,0x66ba8dbe70fcd87de6751b7c56d1488fdce3ad74fa20242ac664f53ff458f515,67,0x9cea5cd542f786d243797878f2f0fb46b445d0935f52d2b5563a2ce1d9b3549c,0x6b4e746fa3c8fd5ec1861833c883360c11c4c5b3,0xd850942ef8811f2a866692a623011bde52a462c1,0x9cac9f457630d900561f6887c72747402b73e611,2e+23,VeChain,VEN,18,261,96000,6958806016,39707,6303821,deprecated,10508972
77,4678764,2017-12-05 08:31:08,0x73e23c9a3523ae4a9411d382acdb1732f8b49b67032097becbeaeb42efa4bce4,232529,0x681b6c35ff3cfaca9fdbf489f22bad52f117c2837aeeb83d7647f69c9665246d,0x5e575279bf9f4acf0a130c186861454247394c06,0xd850942ef8811f2a866692a623011bde52a462c1,0x6b4e746fa3c8fd5ec1861833c883360c11c4c5b3,6.589015799274e+22,VeChain,VEN,18,105,150000,30000000000,39899,5796953,deprecated,10505319
78,4754660,2017-12-18 13:43:54,0xf518fcce4984f439c6b08ac39980d0e0ccf6ddc6bf11a698aaa58deb444569c2,72,0x40fa7aea31e1550ef2a91fbee41fdca016566061af45a92ba4c1d27adc3636a6,0x6b4e746fa3c8fd5ec1861833c883360c11c4c5b3,0xd850942ef8811f2a866692a623011bde52a462c1,0x8d12a197cb00d4747a1fe03395095ce2a5cc6819,5e+22,VeChain,VEN,18,113,250000,4000000000,55405,6865878,deprecated,10429423
79,4754892,2017-12-18 14:47:17,0xa7bec928576b50863fa5575094e39726f29558b3b298876551a89119b422665b,75,0x9b47bbe26cb4f706f0e29f8d623504ba5e6d988db873d56d4fe26f0c0b6b924d,0x8d12a197cb00d4747a1fe03395095ce2a5cc6819,0xd850942ef8811f2a866692a623011bde52a462c1,0x6b4e746fa3c8fd5ec1861833c883360c11c4c5b3,4.9e+22,VeChain,VEN,18,139,250000,4000000000,50788,7308740,deprecated,10429191
80,4755133,2017-12-18 15:46:17,0xf57c8ed051d4d974b3c4eab589ad2e0081b6323ea060ffb7ebdd95dce95a269d,77,0x6a97be580e90e03834c3af1d509cdc13b75bb1e9d80fe7f259bd7da40cc72af1,0x6b4e746fa3c8fd5ec1861833c883360c11c4c5b3,0xd850942ef8811f2a866692a623011bde52a462c1,0x9cac9f457630d900561f6887c72747402b73e611,1e+23,VeChain,VEN,18,116,96000,21000000000,54771,3790195,deprecated,10428950
81,4755183,2017-12-18 15:59:07,0x94f02d7cd21302ff63a50c9db825d03b41f23dd127df50d0cc8ef43c42105896,78,0x96b9143fdfd0dbc4a4ab5075bb7cf69a096dc88f0982f6d456cdc2765917131b,0x6b4e746fa3c8fd5ec1861833c883360c11c4c5b3,0xd850942ef8811f2a866692a623011bde52a462c1,0x9be2890e039c13535d8ba9ba055d31540b7c5bd3,1e+23,VeChain,VEN,18,212,96000,21000000000,54835,5700269,deprecated,10428900
82,4758485,2017-12-19 06:25:58,0x295c7ffd70904dc7f2b2835f262619fd415e0ee672e26710f1e23443295c9da8,79,0x5a5c547dc02450e080bac53baa1905523e11dd91a47681a66010d0c6a6a8d1aa,0x6b4e746fa3c8fd5ec1861833c883360c11c4c5b3,0xd850942ef8811f2a866692a623011bde52a462c1,0x9be2890e039c13535d8ba9ba055d31540b7c5bd3,3e+23,VeChain,VEN,18,123,96000,21000000000,54835,4569478,deprecated,10425598
83,4770771,2017-12-21 11:06:00,0x95284fde80aa60207311e4c7fe94170231309ca56fbd72055babf00081e49a57,18,0x64e6e2c650c398333235728eeae22ccd580634d5ed868e6a38360c7556181254,0x00786703aceba4bfcf5f55fb66ad8c34dddd64c3,0xd850942ef8811f2a866692a623011bde52a462c1,0x6b4e746fa3c8fd5ec1861833c883360c11c4c5b3,1.875e+23,VeChain,VEN,18,219,47802,40000000000,39835,7064340,deprecated,10413312
84,4801408,2017-12-26 16:03:56,0x46ce8c3adcd4e95593152f543bdfc76e8e128d552f9d1c26b97e50e8324e3010,2868,0x80294d0886d9f1b6ca2f223d78bee5a41b71e6b27e41eca66da51cfcc6ee1187,0x5c985e89dde482efe97ea9f1950ad149eb73829b,0xd850942ef8811f2a866692a623011bde52a462c1,0x6b4e746fa3c8fd5ec1861833c883360c11c4c5b3,3.09998e+23,VeChain,VEN,18,13,90000,49000000000,39771,764821,deprecated,10382675
85,4853339,2018-01-04 14:57:56,0x82cebe7820ca58bb71e2b071adefe7f11df4f930e64524fef3c41a349bcc3211,82,0xf11212b9d5f0fa0f2a6347e844a104ac79c0ab3ae671952ca28662fe6633b546,0x6b4e746fa3c8fd5ec1861833c883360c11c4c5b3,0xd850942ef8811f2a866692a623011bde52a462c1,0x9cac9f457630d900561f6887c72747402b73e611,1e+23,VeChain,VEN,18,218,96000,30000000000,54771,5554417,deprecated,10330744
86,4853613,2018-01-04 16:12:32,0xa350a6b464d5aa3ab185b1052b9d2ce5fd4a62770c562ffecee927bb865155d5,3779,0xb608aa7689a1d18346b359a006eb8d264bafeaa06b97f61a42c807e78b4a5863,0xe93381fb4c4f14bda253907b18fad305d799241a,0xd850942ef8811f2a866692a623011bde52a462c1,0x6b4e746fa3c8fd5ec1861833c883360c11c4c5b3,9.9998e+22,VeChain,VEN,18,24,90000,49000000000,39835,578814,deprecated,10330470
87,5236983,2018-03-11 15:56:17,0xf76c70fbdeb964258ac5656b890ad73f7310e890596cb9b9b4b51ea46b22edd2,85,0x9aacae5b437f930e95616b8187ebfd65553c1edb4c799064654e07b56b890369,0x61d80088c69f0874963dcd655de7e0b851ceef61,0xf3e014fe81267870624132ef3a646b8e83853a96,0x6b4e746fa3c8fd5ec1861833c883360c11c4c5b3,7.77e+18,VIN,VIN,18,61,2000000,1000999999,1682340,4508544,deprecated,9947100
88,5260316,2018-03-15 15:36:39,0x5f917ff7731bb2e7ba8cf796c95f33bc59dfa15275c9003728c4b50ac9d16e46,36,0x78ad691f9bf40d40ffb9728d529369b3cfc1282f2d95deaa8e3c38453afd05ab,0x0000000000000000000000000000000000000000,0x34e71fda469b91e7ef57738cb06cb7c120621f25,0x6b4e746fa3c8fd5ec1861833c883360c11c4c5b3,1000000000.0,MediChain Promo Token,MCUX,8,24,6827702,5000000000,3413851,4067403,deprecated,9923767
89,5305943,2018-03-23 07:46:16,0xb76eee16b55a7851a59c5b79b9ebba92b17b3225a5e62453c1c30f01a8c36fa5,16,0x3af5a87b48ea469afe02d81df63a8fc06d48e5570a2fb24a9c6779babb86bfc5,0x00164aa8fe09f8f1ddd04e9245f33da426e735f5,0xd850942ef8811f2a866692a623011bde52a462c1,0x6b4e746fa3c8fd5ec1861833c883360c11c4c5b3,1.875e+23,VeChain,VEN,18,80,47802,4000000000,39835,2895210,deprecated,9878140
90,5421487,2018-04-11 13:15:53,0x6fd04e4a570708ba4ed3d659e76e8c654b7a4082fb4d32dff6cd4c9e0dbc0b96,4001,0xb5c764aea64ed4719c6145fbc04ad1fbe979b6bd72c4760b5fa3e2ab032409a1,0x31a240648e2baf4f9f17225987f6f53fceb1699a,0x31a240648e2baf4f9f17225987f6f53fceb1699a,0x6b4e746fa3c8fd5ec1861833c883360c11c4c5b3,777.0,SAFE.AD - 20% DISCOUNT UNTIL 1 MAY,safe.ad,0,44,300000,400000000,240599,5049797,deprecated,9762596
91,5421896,2018-04-11 14:52:00,0x1f7610b5fb2dbb7de08e434259df996c81c82abf6557d34bbb2519bae03fea99,4231,0x5a704d5a0940fa86f2dbe8295c65239566d1cca024b8a9c3ea73f36c872b8da6,0x31a240648e2baf4f9f17225987f6f53fceb1699a,0x31a240648e2baf4f9f17225987f6f53fceb1699a,0x6b4e746fa3c8fd5ec1861833c883360c11c4c5b3,777.0,SAFE.AD - 20% DISCOUNT UNTIL 1 MAY,safe.ad,0,149,300000,300000000,240599,7090767,deprecated,9762187
92,5455575,2018-04-17 07:24:16,0x9deb7596d6485fa46d44781a14c34900dabf3a5432411f1733e53a97ab2ef6e3,48,0xba64463959d3cf7fd69a9dd2265a2d5b742432431e1bb1c5c9a4f0874a70a8c7,0x76f89506310fc271cbfacf923975a36a3b9f9300,0x6beb418fc6e1958204ac8baddcf109b8e9694966,0x6b4e746fa3c8fd5ec1861833c883360c11c4c5b3,8.888e+18,Linker Coin,LNC,18,61,1546202,2000000000,1545896,5567700,deprecated,9728508
93,5502171,2018-04-25 08:10:51,0xb927677349d3256c243d294dd3ed483bd48c5aa3982f13969b8a06ca5922441d,48,0xa50c058e52ffd1e0e152b296b107d89149d8b40e955525888ef7db2bfe4074b3,0x09b9fb0d70699d636443faa9ce550af8fd33b0be,0x400a6241ad286ca6f4b69a6d715d55dc8b5ad84b,0x6b4e746fa3c8fd5ec1861833c883360c11c4c5b3,1e+18,MusicCoin,MUC,18,114,60000,5432836096,52820,4206085,deprecated,9681912
94,5505406,2018-04-25 21:30:02,0x221190b5ca119716b4e9ed39761ed85e7e94dd3a187de98a9943983a6b0d8237,592,0x9f8ed89c968af6634731c80247af3c43224d72d51629950d939376228d499f19,0x0000000000000000000000000000000000000000,0xd3ace836e47f7cf4948dffd8ca2937494c52580c,0x6b4e746fa3c8fd5ec1861833c883360c11c4c5b3,1.5e+21,Free BOB Tokens - BobsRepair.com,BOBx,18,19,5109918,3000000000,3406312,4439054,deprecated,9678677
95,5507627,2018-04-26 06:31:11,0xef72ab5f8770e34f5f810ac05f6d3b53cf07d584329008ad5be4a3a75d0e4b6f,86,0xb630c080dfac3d56e91f7e855366a4d1af7029de7294a3eba21a793a128d7b0c,0x6b4e746fa3c8fd5ec1861833c883360c11c4c5b3,0x86fa049857e0209aa7d9e616f7eb3b3b78ecfdb0,0x9cac9f457630d900561f6887c72747402b73e611,1.425e+21,EOS,EOS,18,78,96000,5000000000,55779,4825979,deprecated,9676456
96,5517111,2018-04-27 22:00:09,0xe41113b42e024fd5d83d6e384781409d2a4e2c168caaafaa7baef63d85e597dc,74831,0x7d805396b78c8904692980d67af4c3a62e68654e71da519d3ab28985e08bed78,0x468b858c964f297fd8fce058032bf4b4911a8ad8,0x7e9e431a0b8c4d532c745b1043c7fa29a48d4fba,0x6b4e746fa3c8fd5ec1861833c883360c11c4c5b3,1.4254959e+21,eosDAC Community Owned EOS Block Producer ERC20 Tokens,eosDAC,18,133,151754,6710827008,51653,6337373,deprecated,9666972
97,5562452,2018-05-05 20:43:38,0x724b112fe175be8f10a6e76809e1c0406d1df25c2d3f9f94c328e2e92bf04e47,34,0x79c74ebc3ab86ac5d626d39722cc0976badf76e5cb64e5b88ca78f0521c7e265,0xd5e786609565988f7898c954f6320d0efa96dae5,0xf230b790e05390fc8295f4d3f60332c93bed42e2,0x6b4e746fa3c8fd5ec1861833c883360c11c4c5b3,38000000.0,Tronix,TRX,6,48,1655798,2000000000,1645513,7276144,deprecated,9621631
98,5756835,2018-06-09 03:21:12,0x1e5beab9e74e85c95bd5c825e3e310a9dffa3209a69a0ff4ac32810d110df08d,1260,0x9588c274f9092863537c391460b1aa901db2f1cc5aeb96f90c6365a36c563937,0x84d069d3bef6c979bd248d494ab9102c6adb7c0e,0x4092678e4e78230f46a1534c0fbc8fa39780892b,0x6b4e746fa3c8fd5ec1861833c883360c11c4c5b3,5e+18,OCoin,OCN,18,50,3000000,4000000000,2894046,6532293,deprecated,9427248
99,5782781,2018-06-13 17:24:44,0xd3fad39f54856b21523c432118fe46d833115b425970a4ce48792c90dba6ad53,6,0x3e00320788e996dfa0e43eb28fa86810a8a7d313980e6af7f482c7a54a9fed16,0x0000000000000000000000000000000000000000,0x7b2f9706cd8473b4f5b7758b0171a9933fc6c4d6,0x6b4e746fa3c8fd5ec1861833c883360c11c4c5b3,911.0,An Etheal Promo,HEALP,0,102,1800000,5000000000,1708165,7192534,deprecated,9401302
100,5860780,2018-06-27 02:17:13,0x1a82517f135ba50d0d0196b6ddb248a9ea348ee051b1f7c9d67b8cf9825fe6eb,980,0x04305de4d04d697a633e327149e270724cd9ea1b45501815690b58a6bfa67086,0x40f959f828e2878e1e3bbfc95893f22917557797,0x076641af1b8f06b7f8c92587156143c109002cbe,0x6b4e746fa3c8fd5ec1861833c883360c11c4c5b3,1.6e+19,SoPay,SOP,18,52,3524596,1020000000,3353320,5887867,deprecated,9323303
101,5862794,2018-06-27 10:41:53,0x770f12a0a989f6c63897e02e7a40f461974a6318b89613bf3385a96c60745db3,87,0x0ad88c1d1b31b61863e4b653a2a9671fb1cb611245412be107ef0e83060eb415,0x6b4e746fa3c8fd5ec1861833c883360c11c4c5b3,0xd850942ef8811f2a866692a623011bde52a462c1,0x00f34f4462c0f6a6f5e76fb1b6d63f05a32ed2c6,2e+22,VeChain,VEN,18,110,96000,1000000000,39771,7523665,deprecated,9321289
102,5877139,2018-06-29 21:59:55,0x7b6b1182429740922d26b9d02034cf7023ffbc9d8695008251861ce7d150693d,170,0xd33a181b9d25427a7c54df9662614c1f9990656e314fedccc625ff72ac1e3196,0x0000000000000000000000000000000000000000,0xf0df09387693690b1e00d71eabf5e98e7955cff4,0x6b4e746fa3c8fd5ec1861833c883360c11c4c5b3,1.6e+19,ENDO.network Promo Token,ETP,18,26,1900000,1000000000,1749128,7725247,deprecated,9306944
103,5976110,2018-07-16 18:19:37,0x05c270baf26018b693c1747a9cb818fc80a33c9b44c614eb5b9f32b2a4efd746,2191,0xd315c87bb2b06f7c9f2eb37a158f43de4cf57ad6c4344698e704ece3b9465f1f,0xc7304352548c192f6ba59ee15e3e1ae9a5605608,0xe530441f4f73bdb6dc2fa5af7c3fc5fd551ec838,0x6b4e746fa3c8fd5ec1861833c883360c11c4c5b3,1480000.0,GSENetwork,GSE,4,92,2500000,4100000000,1984152,7330811,deprecated,9207973
104,5991245,2018-07-19 08:52:04,0x4f25d3930cd16b626be3a5a2262d29fd68d3334949cb372db92fc215c2561dd7,88,0x13c831a74e85ca62cea257d3656b9c0f1ab68f743683720ee2b51ebcb5f93b5c,0x6b4e746fa3c8fd5ec1861833c883360c11c4c5b3,0xd850942ef8811f2a866692a623011bde52a462c1,0x9cac9f457630d900561f6887c72747402b73e611,1.757583528e+23,VeChain,VEN,18,238,96000,5000000000,54771,7596594,deprecated,9192838
105,6015582,2018-07-23 11:37:47,0x7bd6c3eb18b0a639be1f1dfe459dbe85b9277ccded8fa40fcb954a1134b1d3f4,89,0x6e62396ce8571b5b8f5c5cb9d0de42a3faeb7033a4a8db4e19a0c86c127b8d3c,0x6b4e746fa3c8fd5ec1861833c883360c11c4c5b3,0xd850942ef8811f2a866692a623011bde52a462c1,0x0c6e467df05146cbcca63df16512afb9ef3757ba,1e+23,VeChain,VEN,18,69,96000,12000000000,54835,3002709,deprecated,9168501
106,6016581,2018-07-23 15:43:58,0x6ade54992917d1b5cadcc8d66ff8b9170d03ffef9f2c460a0c4049df6a69a783,90,0x3e531643feaacd0c70546ee0064799da86db704a617532c607688efd2b139e8a,0x6b4e746fa3c8fd5ec1861833c883360c11c4c5b3,0xd850942ef8811f2a866692a623011bde52a462c1,0x0c6e467df05146cbcca63df16512afb9ef3757ba,4e+23,VeChain,VEN,18,48,96000,9000000000,39771,2155611,deprecated,9167502
107,6021108,2018-07-24 10:23:01,0x871aee68666f0c5c6f746dd2ebf23f55aba5c39246711ac695bde5551afe19ce,91,0x7e8ae969c4c7b60db057c146aad8ec31d4d7f4b85e160a42a7dce6fe2f0bae88,0x6b4e746fa3c8fd5ec1861833c883360c11c4c5b3,0xd850942ef8811f2a866692a623011bde52a462c1,0x0c6e467df05146cbcca63df16512afb9ef3757ba,5e+23,VeChain,VEN,18,139,96000,5300000000,54835,5650948,deprecated,9162975
108,6079438,2018-08-03 07:03:01,0x248adb147abe7d87e79fe73a76d5f32e2b7a2faa67236d3e57fd8feb14c8498d,38,0x40c16a69e6a9060695a239dc43c2eeefe1687ba2ea51decbe465b2f1d31bbb74,0x147329e1e1d0472b1583cd7c4a00a8934a9c9f3a,0xfae08bde704a3bd3590f88dcb1a5d226a3c63097,0x6b4e746fa3c8fd5ec1861833c883360c11c4c5b3,1e+20,Jedpay,JED,18,55,4712388,3000000000,3204155,5302388,deprecated,9104645
109,6159030,2018-08-16 17:34:03,0x6b637018f0d560ba897b26ead34605e7ecea41d550485c1d88cb8830ff4ff5fb,27,0x3342cc8f7512ac7c3a28240bf08143b53acd206f0ac212e52ddbc39abdb6a5eb,0xc7a6eb91e1c9f81042a3960434126f2ad484c796,0x974e34a24cf2a9aed2386f41dea9117d309f9478,0x6b4e746fa3c8fd5ec1861833c883360c11c4c5b3,1e+18,ATEC,ATEC,18,13,6575922,3000000000,6575599,7727347,deprecated,9025053
110,6198539,2018-08-23 09:49:01,0x0210e7a05fd2b253ecf501d3ce26caebb6cd9f5685937972cb8ecadcb73c363b,409,0xdd0f085ce77e3b5d115b6a6ad1c7e5139098596868d06f0768c930d36b50de07,0x8e306b005773bee6ba6a6e8972bc79d766cc15c8,0x58b6a8a3302369daec383334672404ee733ab239,0x6b4e746fa3c8fd5ec1861833c883360c11c4c5b3,2.2810911590945743e+18,Livepeer Token,LPT,18,51,1020000,2190000000,899147,6614639,deprecated,8985544
111,6220075,2018-08-27 01:08:03,0x84b7bd898c6910f6fe8530869351d2442cd7bd7fcd9b5f2303b686cd0bd1ef27,1584,0xe7b5de7ce3bbc7e9487b87b016cd798c055820bc646d17bf7f7744f92bba55e9,0x0000000000000000000000000000000000000000,0xd4de05944572d142fbf70f3f010891a35ac15188,0x6b4e746fa3c8fd5ec1861833c883360c11c4c5b3,3.65e+20,Bulleon Promo Token,BULLEON PROMO,18,34,5000000,2000000000,3707145,5458566,deprecated,8964008
112,6502237,2018-10-12 16:40:29,0x18088c0b521a6d88c9618f1cc8961d37b43a4fd3138e3f16768c009cbd1e27b5,834,0x3d08062597881b25a0bed354b57329d42080a64087fc452e7f5e4580622cdad2,0x0000000000000000000000000000000000000000,0xaf47ebbd460f21c2b3262726572ca8812d7143b0,0x6b4e746fa3c8fd5ec1861833c883360c11c4c5b3,5.0,Promodl,PMOD,0,45,2000000,8000000000,1700218,6332634,deprecated,8681846
113,6931689,2018-12-22 09:17:23,0x5557102daa5204869b9f4541bc618bd3d00c4e30041cef9457b10f220a41346e,35299,0xc7e561fcae6852dbbefa4447930e451b4c2bac47520aec627f81d941e8f13084,0x00cfbbaf7ddb3a1476767101c12a0162e241fbad,0x4dc3643dbc642b72c158e7f3d2ff232df61cb6ce,0x6b4e746fa3c8fd5ec1861833c883360c11c4c5b3,1e+18,Amber,AMB,18,37,60000,3500000000,52108,1656393,deprecated,8252394
114,8661673,2019-10-02 08:12:04,0xb8e15c766b859464cc2744b879f37dfd28ba2d6551650c22b67db7f9b2f90f8b,657,0x2ddeede23a22012d40c8fb4acb795b464da3785e782608b8afeffc37ca843241,0xe5ccfca59acd6a3dea18a97a8d12a1fc5be09b13,0xbddab785b306bcd9fb056da189615cc8ece1d823,0x6b4e746fa3c8fd5ec1861833c883360c11c4c5b3,3.4886534838402187e+19,Ebakus,EBK,18,20,699201,1010000000,694891,8949780,deprecated,6522410
115,9126562,2019-12-18 17:09:18,0x476619faeaf4d9b09b04bc1cd538712b3c5a6b12a018d38263b133f3fdd3be14,1010,0x1740e7e9aa7d33e4b6a7483f79ce9569fa3f80ca1c328be75a1ba243dd3bf21c,0xc12d1c73ee7dc3615ba4e37e4abfdbddfa38907e,0xc12d1c73ee7dc3615ba4e37e4abfdbddfa38907e,0x6b4e746fa3c8fd5ec1861833c883360c11c4c5b3,88888800000000.0,KickToken,KICK,8,15,7000000,4000000000,2728030,4176452,deprecated,6057521
116,10776050,2020-09-01 15:20:20,0x9ee8e6a47c830a77ef3389524c62bcf58ac35f058c93b80c4bb8e14b9d7d9f98,97,0x6dd0ff58435aa99a252e1b17729f103ea2cc1c3c0762e4f912245c8c1a555e61,0x0d4a11d5eeaac28ec3f61d100daf4d40471f1852,0xdac17f958d2ee523a2206206994597c13d831ec7,0x6b4e746fa3c8fd5ec1861833c883360c11c4c5b3,24271246170.0,Tether USD,USDT,6,169,158254,476000001459,118393,11646697,deprecated,4408033
117,10776071,2020-09-01 15:24:12,0x8728f34eaed32d13dc0627218e7b770b032a1e0960fadaea65604aa7a1c69aff,99,0x4d130186ff74ab1924a608e70de63659b488e98763ef2463af5625e87584fbbd,0x6b4e746fa3c8fd5ec1861833c883360c11c4c5b3,0xdac17f958d2ee523a2206206994597c13d831ec7,0x0d4a11d5eeaac28ec3f61d100daf4d40471f1852,23926735596.0,Tether USD,USDT,6,40,185716,476000001459,155348,3447823,deprecated,4408012
118,10776071,2020-09-01 15:24:12,0x8728f34eaed32d13dc0627218e7b770b032a1e0960fadaea65604aa7a1c69aff,99,0x4d130186ff74ab1924a608e70de63659b488e98763ef2463af5625e87584fbbd,0x0000000000000000000000000000000000000000,0x0d4a11d5eeaac28ec3f61d100daf4d40471f1852,0x6b4e746fa3c8fd5ec1861833c883360c11c4c5b3,909023818553414.0,Uniswap V2,UNI-V2,18,40,185716,476000001459,155348,3447823,deprecated,4408012
119,10776211,2020-09-01 15:54:34,0xc98bdafd2df73b463dfda37b4f9da0dc586ae53636d457c83e7b9327c0e45076,101,0x7bdd15c6b3cd7a5f09ce22fcb5e8186dbd9849769ece726b70413a39f98c4c26,0x6b4e746fa3c8fd5ec1861833c883360c11c4c5b3,0x0d4a11d5eeaac28ec3f61d100daf4d40471f1852,0xc2edad668740f1aa35e4d8f227fb8e17dca888cd,909023818553414.0,Uniswap V2,UNI-V2,18,73,151578,479000001459,126578,3652146,deprecated,4407872
120,10776624,2020-09-01 17:21:48,0x9d9ea14ca7444cfe75459d85738af24e1d364aadae1f40e31273204b2801849c,102,0xf6b93d94be8dc3a93a842495245dfd267ce429a7490681692ead39be0075d062,0x0d4a11d5eeaac28ec3f61d100daf4d40471f1852,0xdac17f958d2ee523a2206206994597c13d831ec7,0x6b4e746fa3c8fd5ec1861833c883360c11c4c5b3,23791166795.0,Tether USD,USDT,6,38,141493,508200000233,103393,2188387,deprecated,4407459
121,10776629,2020-09-01 17:22:41,0xb2d2ad506dd93526c104b3cf444e8d247a6d524b1862161a5672bd908e06cc3c,103,0x6ce5e349949567a72bac0d40345d29529657ff6a86cbcf62072ec7544d03e177,0x6b4e746fa3c8fd5ec1861833c883360c11c4c5b3,0xdac17f958d2ee523a2206206994597c13d831ec7,0x0d4a11d5eeaac28ec3f61d100daf4d40471f1852,23862774795.0,Tether USD,USDT,6,215,177581,508200000233,143332,12393578,deprecated,4407454
122,10776629,2020-09-01 17:22:41,0xb2d2ad506dd93526c104b3cf444e8d247a6d524b1862161a5672bd908e06cc3c,103,0x6ce5e349949567a72bac0d40345d29529657ff6a86cbcf62072ec7544d03e177,0x0000000000000000000000000000000000000000,0x0d4a11d5eeaac28ec3f61d100daf4d40471f1852,0x6b4e746fa3c8fd5ec1861833c883360c11c4c5b3,907990885297099.0,Uniswap V2,UNI-V2,18,215,177581,508200000233,143332,12393578,deprecated,4407454
123,10776655,2020-09-01 17:27:33,0xc7b809b75a32f32477890f3bb97cacf51e8c70654db7aa7fd306303e9ac559e2,104,0x8f05effe840e618581d9fddd967b5fcfbb96d78e36245cba0e6ecaca564b3baa,0xc2edad668740f1aa35e4d8f227fb8e17dca888cd,0x6b3595068778dd592e39a122f4f5a5cf09c90fe2,0x6b4e746fa3c8fd5ec1861833c883360c11c4c5b3,7.276681460117045e+18,SushiToken,SUSHI,18,122,156073,477000000000,131073,7424396,deprecated,4407428
124,10776655,2020-09-01 17:27:33,0xc7b809b75a32f32477890f3bb97cacf51e8c70654db7aa7fd306303e9ac559e2,104,0x8f05effe840e618581d9fddd967b5fcfbb96d78e36245cba0e6ecaca564b3baa,0x6b4e746fa3c8fd5ec1861833c883360c11c4c5b3,0x0d4a11d5eeaac28ec3f61d100daf4d40471f1852,0xc2edad668740f1aa35e4d8f227fb8e17dca888cd,907990885297099.0,Uniswap V2,UNI-V2,18,122,156073,477000000000,131073,7424396,deprecated,4407428
125,10779865,2020-09-02 05:15:24,0x60018147583c61142d338ae6dfcb552dbca3e5803f4c75e1e17225db21a0f3e2,2692534,0x25a0c433495436c1247153331db83deb8256aea0a2756f87e6d4ca98c48e85b4,0x564286362092d8e7936f0549571a803b203aaced,0xdac17f958d2ee523a2206206994597c13d831ec7,0x6b4e746fa3c8fd5ec1861833c883360c11c4c5b3,99994000000.0,Tether USD,USDT,6,28,151516,660000000000,41221,1760003,deprecated,4404218
126,10779892,2020-09-02 05:22:19,0x983ccb701e100c52dd255c7fc47c2dd338d4b185c1ccccf0dce988c29a7028d1,105,0x7394443011046f71da996dc4b10900c43586909435d1cfa6b72eaff872ffa31d,0x0d4a11d5eeaac28ec3f61d100daf4d40471f1852,0xdac17f958d2ee523a2206206994597c13d831ec7,0x6b4e746fa3c8fd5ec1861833c883360c11c4c5b3,95242797495.0,Tether USD,USDT,6,108,141493,518100000233,103393,7016195,deprecated,4404191
127,10779901,2020-09-02 05:24:35,0xc35e01807dc4f1fd0f80482c197e25e2b21523b7cbb5f8513bebe1e3bc872a8b,106,0x05bc17a7eb22fc14132cc9d458773396ea71547614cbdfc6b020a55ecf472105,0x6b4e746fa3c8fd5ec1861833c883360c11c4c5b3,0xdac17f958d2ee523a2206206994597c13d831ec7,0x0d4a11d5eeaac28ec3f61d100daf4d40471f1852,143345546259.0,Tether USD,USDT,6,197,185716,494000001561,147849,9497703,deprecated,4404182
128,10779901,2020-09-02 05:24:35,0xc35e01807dc4f1fd0f80482c197e25e2b21523b7cbb5f8513bebe1e3bc872a8b,106,0x05bc17a7eb22fc14132cc9d458773396ea71547614cbdfc6b020a55ecf472105,0x0000000000000000000000000000000000000000,0x0d4a11d5eeaac28ec3f61d100daf4d40471f1852,0x6b4e746fa3c8fd5ec1861833c883360c11c4c5b3,5447281529184687.0,Uniswap V2,UNI-V2,18,197,185716,494000001561,147849,9497703,deprecated,4404182
129,10779912,2020-09-02 05:27:38,0xb0fc148d11ccb062043dd777d0f6dc0a33ecfa510384955ada12e6e2b45b7879,107,0xbd3ad23186576929a06b6db7da8dad30d79d260f3667f621e9de3d6063027826,0xc2edad668740f1aa35e4d8f227fb8e17dca888cd,0x6b3595068778dd592e39a122f4f5a5cf09c90fe2,0x6b4e746fa3c8fd5ec1861833c883360c11c4c5b3,1.0688209271896282e+20,SushiToken,SUSHI,18,106,141073,480000001459,116073,6787519,deprecated,4404171
130,10779912,2020-09-02 05:27:38,0xb0fc148d11ccb062043dd777d0f6dc0a33ecfa510384955ada12e6e2b45b7879,107,0xbd3ad23186576929a06b6db7da8dad30d79d260f3667f621e9de3d6063027826,0x6b4e746fa3c8fd5ec1861833c883360c11c4c5b3,0x0d4a11d5eeaac28ec3f61d100daf4d40471f1852,0xc2edad668740f1aa35e4d8f227fb8e17dca888cd,5447281529184687.0,Uniswap V2,UNI-V2,18,106,141073,480000001459,116073,6787519,deprecated,4404171
131,10786310,2020-09-03 04:51:11,0x5b1c4989826db8f30e9b0456ee2056e45f5dda1659d9fdc51217fe63428072bb,108,0x11769f26b39380cb5e5594a5bb3ddddb13ea5398625ae4c2d30cac3931c9a987,0x6b4e746fa3c8fd5ec1861833c883360c11c4c5b3,0xdac17f958d2ee523a2206206994597c13d831ec7,0x0d4a11d5eeaac28ec3f61d100daf4d40471f1852,44182564810.0,Tether USD,USDT,6,204,177581,292600000233,135833,12130756,deprecated,4397773
132,10786310,2020-09-03 04:51:11,0x5b1c4989826db8f30e9b0456ee2056e45f5dda1659d9fdc51217fe63428072bb,108,0x11769f26b39380cb5e5594a5bb3ddddb13ea5398625ae4c2d30cac3931c9a987,0x0000000000000000000000000000000000000000,0x0d4a11d5eeaac28ec3f61d100daf4d40471f1852,0x6b4e746fa3c8fd5ec1861833c883360c11c4c5b3,1744109333263729.0,Uniswap V2,UNI-V2,18,204,177581,292600000233,135833,12130756,deprecated,4397773
133,10786326,2020-09-03 04:55:01,0x76f35043acc755e496dfec91f1d317e694ba381d708069585a801eeccd6fee6a,109,0x821d852983a389628d29cb68be54eeaff408715ff46cb9df6db0a4ed546a61da,0xc2edad668740f1aa35e4d8f227fb8e17dca888cd,0x6b3595068778dd592e39a122f4f5a5cf09c90fe2,0x6b4e746fa3c8fd5ec1861833c883360c11c4c5b3,8.55951626889523e+20,SushiToken,SUSHI,18,117,141073,362000000000,66749,12366135,deprecated,4397757
134,10786326,2020-09-03 04:55:01,0x76f35043acc755e496dfec91f1d317e694ba381d708069585a801eeccd6fee6a,109,0x821d852983a389628d29cb68be54eeaff408715ff46cb9df6db0a4ed546a61da,0x6b4e746fa3c8fd5ec1861833c883360c11c4c5b3,0x0d4a11d5eeaac28ec3f61d100daf4d40471f1852,0xc2edad668740f1aa35e4d8f227fb8e17dca888cd,1744109333263729.0,Uniswap V2,UNI-V2,18,117,141073,362000000000,66749,12366135,deprecated,4397757
135,10786380,2020-09-03 05:09:04,0x57d00497d318f85a92d6efa57877e6304e104611bbc434d0e6878a45c8ccc4bf,111,0xfa3984e4bea4b8ef9045cbc83ca7afd31b96892cd5a39e9e56f4e4fa70de2d6d,0x6b4e746fa3c8fd5ec1861833c883360c11c4c5b3,0x6b3595068778dd592e39a122f4f5a5cf09c90fe2,0xce84867c3c02b05dc570d0135103d3fb9cc19433,9.701104010686029e+20,SushiToken,SUSHI,18,83,187451,396000000233,141928,3824027,deprecated,4397703
136,10786380,2020-09-03 05:09:04,0x57d00497d318f85a92d6efa57877e6304e104611bbc434d0e6878a45c8ccc4bf,111,0xfa3984e4bea4b8ef9045cbc83ca7afd31b96892cd5a39e9e56f4e4fa70de2d6d,0x0000000000000000000000000000000000000000,0xce84867c3c02b05dc570d0135103d3fb9cc19433,0x6b4e746fa3c8fd5ec1861833c883360c11c4c5b3,1.2230291941316418e+20,Uniswap V2,UNI-V2,18,83,187451,396000000233,141928,3824027,deprecated,4397703
137,10786430,2020-09-03 05:22:09,0xf72312ef16549bb6bfcd757d20d9dae09d27f6327699be98244eaffae0a3f8a7,114,0x6c84b74ac816adc0178092e6211ae5994480217cbf1447fd66d3b3b143200317,0x6b4e746fa3c8fd5ec1861833c883360c11c4c5b3,0xce84867c3c02b05dc570d0135103d3fb9cc19433,0xc2edad668740f1aa35e4d8f227fb8e17dca888cd,1.2230291941316418e+20,Uniswap V2,UNI-V2,18,121,198090,372000000000,126614,9240550,deprecated,4397653
138,10788244,2020-09-03 12:12:20,0x11a8b5805951115d9106aa36b6e71fc13792b26978f934b44f92ea4a33699be1,5078034,0x462ebc19467219f2e642368b88c64fe64aac68ef59cfae21d1804e5fcd7a20ac,0x3f5ce5fbfe3e9af3971dd833d26ba9b5c936f0be,0x6b3595068778dd592e39a122f4f5a5cf09c90fe2,0x6b4e746fa3c8fd5ec1861833c883360c11c4c5b3,3.84795e+21,SushiToken,SUSHI,18,62,207128,432000000000,51169,6559368,deprecated,4395839
139,10788278,2020-09-03 12:19:51,0x934b6cec75b0333e72f0bd2d77667dd502f6cbc887214482c27b50a3ec6986f5,115,0x5f4245692ae1d665afee7cdb2d0b2b5e48fdef66f6c433cb40e118d30b4f7552,0x6b4e746fa3c8fd5ec1861833c883360c11c4c5b3,0x6b3595068778dd592e39a122f4f5a5cf09c90fe2,0xce84867c3c02b05dc570d0135103d3fb9cc19433,3.3060788302626795e+21,SushiToken,SUSHI,18,101,187464,375100000233,156940,4222826,deprecated,4395805
140,10788278,2020-09-03 12:19:51,0x934b6cec75b0333e72f0bd2d77667dd502f6cbc887214482c27b50a3ec6986f5,115,0x5f4245692ae1d665afee7cdb2d0b2b5e48fdef66f6c433cb40e118d30b4f7552,0x0000000000000000000000000000000000000000,0xce84867c3c02b05dc570d0135103d3fb9cc19433,0x6b4e746fa3c8fd5ec1861833c883360c11c4c5b3,3.6972505311866946e+20,Uniswap V2,UNI-V2,18,101,187464,375100000233,156940,4222826,deprecated,4395805
141,10788294,2020-09-03 12:23:50,0x10e60428c41e9ad28b4c6e03b7c1cb17c1c3a94efab603e3f8189ac4330555d0,116,0x27f1f336826425578b6a4e993dd179f1ade022a45a8cd71fa5a1e97c10a3fb5f,0xc2edad668740f1aa35e4d8f227fb8e17dca888cd,0x6b3595068778dd592e39a122f4f5a5cf09c90fe2,0x6b4e746fa3c8fd5ec1861833c883360c11c4c5b3,2.230431007308779e+19,SushiToken,SUSHI,18,117,141109,392700001459,66785,8664913,deprecated,4395789
142,10788294,2020-09-03 12:23:50,0x10e60428c41e9ad28b4c6e03b7c1cb17c1c3a94efab603e3f8189ac4330555d0,116,0x27f1f336826425578b6a4e993dd179f1ade022a45a8cd71fa5a1e97c10a3fb5f,0x6b4e746fa3c8fd5ec1861833c883360c11c4c5b3,0xce84867c3c02b05dc570d0135103d3fb9cc19433,0xc2edad668740f1aa35e4d8f227fb8e17dca888cd,3.6972505311866946e+20,Uniswap V2,UNI-V2,18,117,141109,392700001459,66785,8664913,deprecated,4395789
143,10794753,2020-09-04 12:09:36,0x29346fe8c9a7a4b9a9e4bd183192b7ed6e1502e18f2a3ec60e18edeb2e3a57b0,5089786,0xed82eff094cf79921a4d28523295c1fd0706498cd4f398d883e87d98db56f201,0x3f5ce5fbfe3e9af3971dd833d26ba9b5c936f0be,0x6b3595068778dd592e39a122f4f5a5cf09c90fe2,0x6b4e746fa3c8fd5ec1861833c883360c11c4c5b3,3.81181e+21,SushiToken,SUSHI,18,97,207128,260000000000,36169,3264936,deprecated,4389330
144,10794764,2020-09-04 12:12:01,0x525a6deb62c5986df65c635516daae76578a8eb499489d733e25695b0e44c5fb,117,0x0dccd8ea229bee71c340adc1b08d10d2ef08337ab0a6b6a65fcda635fc586297,0x6b4e746fa3c8fd5ec1861833c883360c11c4c5b3,0x6b3595068778dd592e39a122f4f5a5cf09c90fe2,0xce84867c3c02b05dc570d0135103d3fb9cc19433,4.375985479810408e+21,SushiToken,SUSHI,18,130,179323,187000000233,129936,9639867,deprecated,4389319
145,10794764,2020-09-04 12:12:01,0x525a6deb62c5986df65c635516daae76578a8eb499489d733e25695b0e44c5fb,117,0x0dccd8ea229bee71c340adc1b08d10d2ef08337ab0a6b6a65fcda635fc586297,0x0000000000000000000000000000000000000000,0xce84867c3c02b05dc570d0135103d3fb9cc19433,0x6b4e746fa3c8fd5ec1861833c883360c11c4c5b3,4.909716079871238e+20,Uniswap V2,UNI-V2,18,130,179323,187000000233,129936,9639867,deprecated,4389319
146,10794774,2020-09-04 12:13:43,0x56aa7e594efa2633f1e35840f60019c85ea5c4a155d41c17936ef0a4880fa6f6,118,0x94825220d6e16b7278259a967eb19c7d479714b4e8a08dd68165f9b19ee0429d,0xc2edad668740f1aa35e4d8f227fb8e17dca888cd,0x6b3595068778dd592e39a122f4f5a5cf09c90fe2,0x6b4e746fa3c8fd5ec1861833c883360c11c4c5b3,3.961647989982632e+20,SushiToken,SUSHI,18,39,186785,210000000000,131109,4218386,deprecated,4389309
147,10794774,2020-09-04 12:13:43,0x56aa7e594efa2633f1e35840f60019c85ea5c4a155d41c17936ef0a4880fa6f6,118,0x94825220d6e16b7278259a967eb19c7d479714b4e8a08dd68165f9b19ee0429d,0x6b4e746fa3c8fd5ec1861833c883360c11c4c5b3,0xce84867c3c02b05dc570d0135103d3fb9cc19433,0xc2edad668740f1aa35e4d8f227fb8e17dca888cd,4.909716079871238e+20,Uniswap V2,UNI-V2,18,39,186785,210000000000,131109,4218386,deprecated,4389309
148,10805056,2020-09-06 01:50:59,0xab3b52403913c393b617983fd7909a7e819e1810e6c9b37599cbd8c1709b45bf,119,0x2cccb13e5577a3b14109ba2d60a7d316d919e164b8313e57db83107494a28fd7,0xc2edad668740f1aa35e4d8f227fb8e17dca888cd,0x6b3595068778dd592e39a122f4f5a5cf09c90fe2,0x6b4e746fa3c8fd5ec1861833c883360c11c4c5b3,2.9596404126871433e+21,SushiToken,SUSHI,18,134,155094,108000000000,115094,9574365,deprecated,4379027
149,10805056,2020-09-06 01:50:59,0xab3b52403913c393b617983fd7909a7e819e1810e6c9b37599cbd8c1709b45bf,119,0x2cccb13e5577a3b14109ba2d60a7d316d919e164b8313e57db83107494a28fd7,0xc2edad668740f1aa35e4d8f227fb8e17dca888cd,0x0d4a11d5eeaac28ec3f61d100daf4d40471f1852,0x6b4e746fa3c8fd5ec1861833c883360c11c4c5b3,9008405566298928.0,Uniswap V2,UNI-V2,18,134,155094,108000000000,115094,9574365,deprecated,4379027
150,10805068,2020-09-06 01:53:23,0x542dfea82d0190c714d3edc6b7cf2b288ce4e19dd39dda4cbc8932d47782c64e,120,0x9715663da2e0134565249e9260c5a47090ba0e3305d87718fe3078bdd8dee455,0xc2edad668740f1aa35e4d8f227fb8e17dca888cd,0x6b3595068778dd592e39a122f4f5a5cf09c90fe2,0x6b4e746fa3c8fd5ec1861833c883360c11c4c5b3,1.2172579968768284e+21,SushiToken,SUSHI,18,52,155130,104000000000,115130,5930787,deprecated,4379015
151,10805068,2020-09-06 01:53:23,0x542dfea82d0190c714d3edc6b7cf2b288ce4e19dd39dda4cbc8932d47782c64e,120,0x9715663da2e0134565249e9260c5a47090ba0e3305d87718fe3078bdd8dee455,0xc2edad668740f1aa35e4d8f227fb8e17dca888cd,0xce84867c3c02b05dc570d0135103d3fb9cc19433,0x6b4e746fa3c8fd5ec1861833c883360c11c4c5b3,9.829995805189574e+20,Uniswap V2,UNI-V2,18,52,155130,104000000000,115130,5930787,deprecated,4379015
152,10805324,2020-09-06 02:47:33,0x50879f3fece4c786bbed37e9532c3be542fe1825643b41384de07357ccb96e7e,121,0x15d04566da36174f0944e37c313671e98ad40414156e3a781320d7d30c3ee80c,0x6b4e746fa3c8fd5ec1861833c883360c11c4c5b3,0x0d4a11d5eeaac28ec3f61d100daf4d40471f1852,0x0d4a11d5eeaac28ec3f61d100daf4d40471f1852,9008405566298928.0,Uniswap V2,UNI-V2,18,104,296901,104500000233,171844,8611447,deprecated,4378759
153,10805324,2020-09-06 02:47:33,0x50879f3fece4c786bbed37e9532c3be542fe1825643b41384de07357ccb96e7e,121,0x15d04566da36174f0944e37c313671e98ad40414156e3a781320d7d30c3ee80c,0x7a250d5630b4cf539739df2c5dacb4c659f2488d,0xdac17f958d2ee523a2206206994597c13d831ec7,0x6b4e746fa3c8fd5ec1861833c883360c11c4c5b3,197768274502.0,Tether USD,USDT,6,104,296901,104500000233,171844,8611447,deprecated,4378759
154,10805400,2020-09-06 03:04:46,0xd168b603d50c37a75d69f6161f0977ce50deeb82cfbfde4349976a1e3d081124,122,0x9d6f880d77e6ce70f89fa2b76db06ec362ecc5b6d205dddeb2fe35132c605a17,0x6b4e746fa3c8fd5ec1861833c883360c11c4c5b3,0xce84867c3c02b05dc570d0135103d3fb9cc19433,0xc2edad668740f1aa35e4d8f227fb8e17dca888cd,9.829995805189574e+20,Uniswap V2,UNI-V2,18,132,151614,120095236096,73090,7992771,deprecated,4378683
155,10806006,2020-09-06 05:22:17,0x566ed0197d91f71d73ee4c4b92da6509e88b538abd0a9ee6323af1ed37846daf,123,0xccfc0f171ec6408af35e0f9454bff6a08a15f3af6671d6881af70b635ebc38b8,0x6b4e746fa3c8fd5ec1861833c883360c11c4c5b3,0xdac17f958d2ee523a2206206994597c13d831ec7,0x9be2890e039c13535d8ba9ba055d31540b7c5bd3,205749863502.0,Tether USD,USDT,6,133,60000,116000001459,41221,9580696,deprecated,4378077
156,10807797,2020-09-06 11:51:04,0xcbd854a86f900234c5d2716ca0f0cdcd69a904dd9ce49d15bf2a148dd10addbe,124,0x9a5a9631e1e873eefafac69e3c5d86fa84bd103964d2b9943fab7d4ecfec9263,0x6b4e746fa3c8fd5ec1861833c883360c11c4c5b3,0x6b3595068778dd592e39a122f4f5a5cf09c90fe2,0xce84867c3c02b05dc570d0135103d3fb9cc19433,4.573063208562235e+21,SushiToken,SUSHI,18,85,192736,108900000233,129924,4941997,deprecated,4376286
157,10807797,2020-09-06 11:51:04,0xcbd854a86f900234c5d2716ca0f0cdcd69a904dd9ce49d15bf2a148dd10addbe,124,0x9a5a9631e1e873eefafac69e3c5d86fa84bd103964d2b9943fab7d4ecfec9263,0x0000000000000000000000000000000000000000,0xce84867c3c02b05dc570d0135103d3fb9cc19433,0x6b4e746fa3c8fd5ec1861833c883360c11c4c5b3,3.9403538157584974e+20,Uniswap V2,UNI-V2,18,85,192736,108900000233,129924,4941997,deprecated,4376286
158,10807803,2020-09-06 11:52:32,0x51f4c8448547eff7e9595844903f184db6b4700df22903bfe2e484a4d7260c8c,125,0x9ae244425fccf37470267854ef5fd6a02db7d134b46bcbce380e5777e21f4ce6,0xc2edad668740f1aa35e4d8f227fb8e17dca888cd,0x6b3595068778dd592e39a122f4f5a5cf09c90fe2,0x6b4e746fa3c8fd5ec1861833c883360c11c4c5b3,4.0913906519721876e+20,SushiToken,SUSHI,18,271,156109,102000000000,131109,12207642,deprecated,4376280
159,10807803,2020-09-06 11:52:32,0x51f4c8448547eff7e9595844903f184db6b4700df22903bfe2e484a4d7260c8c,125,0x9ae244425fccf37470267854ef5fd6a02db7d134b46bcbce380e5777e21f4ce6,0x6b4e746fa3c8fd5ec1861833c883360c11c4c5b3,0xce84867c3c02b05dc570d0135103d3fb9cc19433,0xc2edad668740f1aa35e4d8f227fb8e17dca888cd,3.9403538157584974e+20,Uniswap V2,UNI-V2,18,271,156109,102000000000,131109,12207642,deprecated,4376280
160,10821763,2020-09-08 15:16:47,0x1e8884d3c79e02319d20c75e814c6421d8bab168eae9e1f336f59854b1e049c2,126,0x5e31970691f56dbb3679c56f07de9d63837e438b11a4b8f068692506041734b2,0xc2edad668740f1aa35e4d8f227fb8e17dca888cd,0x6b3595068778dd592e39a122f4f5a5cf09c90fe2,0x6b4e746fa3c8fd5ec1861833c883360c11c4c5b3,2.2927233508196263e+21,SushiToken,SUSHI,18,54,128401,104000000000,118401,8549113,deprecated,4362320
161,10821763,2020-09-08 15:16:47,0x1e8884d3c79e02319d20c75e814c6421d8bab168eae9e1f336f59854b1e049c2,126,0x5e31970691f56dbb3679c56f07de9d63837e438b11a4b8f068692506041734b2,0x6b4e746fa3c8fd5ec1861833c883360c11c4c5b3,0xce84867c3c02b05dc570d0135103d3fb9cc19433,0xc2edad668740f1aa35e4d8f227fb8e17dca888cd,0.0,Uniswap V2,UNI-V2,18,54,128401,104000000000,118401,8549113,deprecated,4362320
162,10821768,2020-09-08 15:18:23,0x45240d616384942f9d4240e7bc3228d4387cc7b74dac270146a72d3f41acb81c,127,0xc180577a6001e462449875e05c0e97a6bdf582f7430ad8487f1beed62b98c5e3,0x6b4e746fa3c8fd5ec1861833c883360c11c4c5b3,0x6b3595068778dd592e39a122f4f5a5cf09c90fe2,0xce84867c3c02b05dc570d0135103d3fb9cc19433,2.701862416016845e+21,SushiToken,SUSHI,18,120,192410,110000000233,141952,5926054,deprecated,4362315
163,10821768,2020-09-08 15:18:23,0x45240d616384942f9d4240e7bc3228d4387cc7b74dac270146a72d3f41acb81c,127,0xc180577a6001e462449875e05c0e97a6bdf582f7430ad8487f1beed62b98c5e3,0x0000000000000000000000000000000000000000,0xce84867c3c02b05dc570d0135103d3fb9cc19433,0x6b4e746fa3c8fd5ec1861833c883360c11c4c5b3,2.2713422910480296e+20,Uniswap V2,UNI-V2,18,120,192410,110000000233,141952,5926054,deprecated,4362315
164,10822065,2020-09-08 16:21:59,0x3f7412c35f6698e8dd4db1b9ce8b0b1d12decf10ca032988a5e6ecf2f1cd5f5c,129,0xfb91379c22bb3f18fba42b9cf9668573a7296a458eab88c3e2fe2020f853af52,0xc2edad668740f1aa35e4d8f227fb8e17dca888cd,0x6b3595068778dd592e39a122f4f5a5cf09c90fe2,0x6b4e746fa3c8fd5ec1861833c883360c11c4c5b3,4.2255085949521715e+19,SushiToken,SUSHI,18,50,180785,119900000000,131109,5169688,deprecated,4362018
165,10822065,2020-09-08 16:21:59,0x3f7412c35f6698e8dd4db1b9ce8b0b1d12decf10ca032988a5e6ecf2f1cd5f5c,129,0xfb91379c22bb3f18fba42b9cf9668573a7296a458eab88c3e2fe2020f853af52,0x6b4e746fa3c8fd5ec1861833c883360c11c4c5b3,0xce84867c3c02b05dc570d0135103d3fb9cc19433,0xc2edad668740f1aa35e4d8f227fb8e17dca888cd,2.2713422910480296e+20,Uniswap V2,UNI-V2,18,50,180785,119900000000,131109,5169688,deprecated,4362018
166,10827981,2020-09-09 14:17:05,0x0a054aa927c4664737d71f4ce60c42a87bbabb5a8df6dfc0936f59f1b5a593b2,130,0xde4bac5e2c9e71fc9e5d7c0c8114940d7d235c0a576e5019e52d94b7b112f14b,0xc2edad668740f1aa35e4d8f227fb8e17dca888cd,0x6b3595068778dd592e39a122f4f5a5cf09c90fe2,0x6b4e746fa3c8fd5ec1861833c883360c11c4c5b3,9.593332444941943e+20,SushiToken,SUSHI,18,59,185806,147000000000,115130,3498754,deprecated,4356102
167,10827981,2020-09-09 14:17:05,0x0a054aa927c4664737d71f4ce60c42a87bbabb5a8df6dfc0936f59f1b5a593b2,130,0xde4bac5e2c9e71fc9e5d7c0c8114940d7d235c0a576e5019e52d94b7b112f14b,0xc2edad668740f1aa35e4d8f227fb8e17dca888cd,0xce84867c3c02b05dc570d0135103d3fb9cc19433,0x6b4e746fa3c8fd5ec1861833c883360c11c4c5b3,1.60416919119961e+21,Uniswap V2,UNI-V2,18,59,185806,147000000000,115130,3498754,deprecated,4356102
168,10828000,2020-09-09 14:20:53,0x96e3312cfbd1fc6bb8a763295a1188a966de44df4b92d134154cb596fdd683a9,131,0x45f683d367d4bb7c51d19aa11f1d2733f61d80681f3d6ae57175d6822e9b9dcc,0x6b4e746fa3c8fd5ec1861833c883360c11c4c5b3,0xce84867c3c02b05dc570d0135103d3fb9cc19433,0xce84867c3c02b05dc570d0135103d3fb9cc19433,1.2031268933997075e+21,Uniswap V2,UNI-V2,18,176,283506,160600000233,186686,10692465,deprecated,4356083
169,10828000,2020-09-09 14:20:53,0x96e3312cfbd1fc6bb8a763295a1188a966de44df4b92d134154cb596fdd683a9,131,0x45f683d367d4bb7c51d19aa11f1d2733f61d80681f3d6ae57175d6822e9b9dcc,0x7a250d5630b4cf539739df2c5dacb4c659f2488d,0x6b3595068778dd592e39a122f4f5a5cf09c90fe2,0x6b4e746fa3c8fd5ec1861833c883360c11c4c5b3,1.4599538404886049e+22,SushiToken,SUSHI,18,176,283506,160600000233,186686,10692465,deprecated,4356083
170,10828043,2020-09-09 14:30:36,0xbe10767769f044732d2f738f6a6e0ec5f4df02aaeb4066e499c310be486e0549,132,0x3d9347da4f4b1e45c113b4d4bc7c75f297d983c2798340b3509327a24149ad97,0x6b4e746fa3c8fd5ec1861833c883360c11c4c5b3,0xce84867c3c02b05dc570d0135103d3fb9cc19433,0xc2edad668740f1aa35e4d8f227fb8e17dca888cd,4.010422977999025e+20,Uniswap V2,UNI-V2,18,117,151614,147000000000,126614,7649066,deprecated,4356040
171,10831937,2020-09-10 04:47:00,0xf498ab74d704c2895472ea976367a36991264521bf38d9023975146b1f13ed50,134,0x7e451ea7578a7a9d40b51dad4ce49da35bccde2cf636e77d048cc0974b1ed670,0x6b4e746fa3c8fd5ec1861833c883360c11c4c5b3,0x6b3595068778dd592e39a122f4f5a5cf09c90fe2,0x795065dcc9f64b5614c407a6efdc400da6221fb0,1.5598454628064862e+22,SushiToken,SUSHI,18,13,221603,143000000233,175577,9249280,deprecated,4352146
172,10831937,2020-09-10 04:47:00,0xf498ab74d704c2895472ea976367a36991264521bf38d9023975146b1f13ed50,134,0x7e451ea7578a7a9d40b51dad4ce49da35bccde2cf636e77d048cc0974b1ed670,0x0000000000000000000000000000000000000000,0x795065dcc9f64b5614c407a6efdc400da6221fb0,0x6b4e746fa3c8fd5ec1861833c883360c11c4c5b3,1.314919812903462e+21,SushiSwap LP Token,SLP,18,13,221603,143000000233,175577,9249280,deprecated,4352146
173,10831962,2020-09-10 04:51:27,0xeec7870efa4a6b440a29a34d6ae66daa5754cfc888fb1af4718968cc0ebe2b8a,136,0x8b90a053bdcdfe74b66c061dd51893b88497491a4ed56fa06260d2084b56191d,0xc2edad668740f1aa35e4d8f227fb8e17dca888cd,0x6b3595068778dd592e39a122f4f5a5cf09c90fe2,0x6b4e746fa3c8fd5ec1861833c883360c11c4c5b3,1.5391194737415782e+20,SushiToken,SUSHI,18,170,141172,145000000000,116172,9168133,deprecated,4352121
174,10831962,2020-09-10 04:51:27,0xeec7870efa4a6b440a29a34d6ae66daa5754cfc888fb1af4718968cc0ebe2b8a,136,0x8b90a053bdcdfe74b66c061dd51893b88497491a4ed56fa06260d2084b56191d,0x6b4e746fa3c8fd5ec1861833c883360c11c4c5b3,0x795065dcc9f64b5614c407a6efdc400da6221fb0,0xc2edad668740f1aa35e4d8f227fb8e17dca888cd,1.314919812903462e+21,SushiSwap LP Token,SLP,18,170,141172,145000000000,116172,9168133,deprecated,4352121
175,10832079,2020-09-10 05:19:54,0x9aef2d13218f53fa3b1d0647b2ef8e6b467d1ab372a6bc3d5c61669ed5d8fd02,137,0xf1353f1fc1b8fd7ff320323318dec1d48b07722b747cdcae11922380a6640659,0x795065dcc9f64b5614c407a6efdc400da6221fb0,0x6b3595068778dd592e39a122f4f5a5cf09c90fe2,0x6b4e746fa3c8fd5ec1861833c883360c11c4c5b3,2.535562394714257e+22,SushiToken,SUSHI,18,66,135710,143000000233,98229,6602418,deprecated,4352004
176,10832090,2020-09-10 05:23:24,0x3430236d80d2a9303429eae414eb2632dd5007b6db15724683ccd74dd9f2af6e,138,0xbfc1f1c03edecc36b817541a907e72e4708119d475b6a5d2999909447baaf764,0x6b4e746fa3c8fd5ec1861833c883360c11c4c5b3,0x6b3595068778dd592e39a122f4f5a5cf09c90fe2,0x795065dcc9f64b5614c407a6efdc400da6221fb0,2.551220800178163e+22,SushiToken,SUSHI,18,116,228056,154000000233,178986,10791179,deprecated,4351993
177,10832090,2020-09-10 05:23:24,0x3430236d80d2a9303429eae414eb2632dd5007b6db15724683ccd74dd9f2af6e,138,0xbfc1f1c03edecc36b817541a907e72e4708119d475b6a5d2999909447baaf764,0x0000000000000000000000000000000000000000,0x795065dcc9f64b5614c407a6efdc400da6221fb0,0x6b4e746fa3c8fd5ec1861833c883360c11c4c5b3,2.1366884049922273e+21,SushiSwap LP Token,SLP,18,116,228056,154000000233,178986,10791179,deprecated,4351993
178,10832103,2020-09-10 05:25:58,0x8a10db034d82c0640ea5a1057f427bd2c2b9be470d4f9c6a25cfd32394a4fa6c,139,0x3b79a0dd25de82c6583dabb096ce636ec657555d43e4f8e11331a3a31b3d71d7,0xc2edad668740f1aa35e4d8f227fb8e17dca888cd,0x6b3595068778dd592e39a122f4f5a5cf09c90fe2,0x6b4e746fa3c8fd5ec1861833c883360c11c4c5b3,2.2514280612657254e+19,SushiToken,SUSHI,18,56,156172,156223516835,81836,5289133,deprecated,4351980
179,10832103,2020-09-10 05:25:58,0x8a10db034d82c0640ea5a1057f427bd2c2b9be470d4f9c6a25cfd32394a4fa6c,139,0x3b79a0dd25de82c6583dabb096ce636ec657555d43e4f8e11331a3a31b3d71d7,0x6b4e746fa3c8fd5ec1861833c883360c11c4c5b3,0x795065dcc9f64b5614c407a6efdc400da6221fb0,0xc2edad668740f1aa35e4d8f227fb8e17dca888cd,2.1366884049922273e+21,SushiSwap LP Token,SLP,18,56,156172,156223516835,81836,5289133,deprecated,4351980
180,10851527,2020-09-13 04:39:33,0xc7139ec6c1e747f21064e0583c949fd07091d2bb7a17194db3529e8e2dcbab91,185,0x9c66d49e91fad5b943b55641947b1b3003a7701a55663decb92ebf241a0d5cea,0x11d3fe4ba717728cd1f25c8c71a2ba1fc3444df4,0x6b3595068778dd592e39a122f4f5a5cf09c90fe2,0x6b4e746fa3c8fd5ec1861833c883360c11c4c5b3,6.359602e+19,SushiToken,SUSHI,18,75,61417,124800000000,36181,3528543,deprecated,4332556
181,10851686,2020-09-13 05:15:46,0x9fd7ef055963ba54a569c50fbb09e6761bbb3ec62c195201f41d1cae93df9a1b,141,0x400fad35a19266681855de69ce327393fe3c7b9600d38ad35d3e662d2ef517e4,0xc2edad668740f1aa35e4d8f227fb8e17dca888cd,0x6b3595068778dd592e39a122f4f5a5cf09c90fe2,0x6b4e746fa3c8fd5ec1861833c883360c11c4c5b3,6.39347103272283e+21,SushiToken,SUSHI,18,79,180166,99000001459,119166,6633170,deprecated,4332397
182,10851686,2020-09-13 05:15:46,0x9fd7ef055963ba54a569c50fbb09e6761bbb3ec62c195201f41d1cae93df9a1b,141,0x400fad35a19266681855de69ce327393fe3c7b9600d38ad35d3e662d2ef517e4,0x6b4e746fa3c8fd5ec1861833c883360c11c4c5b3,0x795065dcc9f64b5614c407a6efdc400da6221fb0,0xc2edad668740f1aa35e4d8f227fb8e17dca888cd,0.0,SushiSwap LP Token,SLP,18,79,180166,99000001459,119166,6633170,deprecated,4332397
183,10851727,2020-09-13 05:25:09,0x207feefc4ad8f5f03495de082a3c202c8b1df71cbb21453a83c0bbfab35243fb,142,0x16b1e07d4e037fa7e539c8697d4f9033b7f0065068f9fd27680aaf7e9f14744c,0x6b4e746fa3c8fd5ec1861833c883360c11c4c5b3,0x6b3595068778dd592e39a122f4f5a5cf09c90fe2,0x795065dcc9f64b5614c407a6efdc400da6221fb0,6.479581333335488e+21,SushiToken,SUSHI,18,147,208015,107800000233,160275,9185585,deprecated,4332356
184,10851727,2020-09-13 05:25:09,0x207feefc4ad8f5f03495de082a3c202c8b1df71cbb21453a83c0bbfab35243fb,142,0x16b1e07d4e037fa7e539c8697d4f9033b7f0065068f9fd27680aaf7e9f14744c,0x0000000000000000000000000000000000000000,0x795065dcc9f64b5614c407a6efdc400da6221fb0,0x6b4e746fa3c8fd5ec1861833c883360c11c4c5b3,4.93241444064823e+20,SushiSwap LP Token,SLP,18,147,208015,107800000233,160275,9185585,deprecated,4332356
185,10851868,2020-09-13 06:01:47,0xa28a269e51fc6956f2a18efe35c5b54c223a1849972fa2bd5848a1432a88359d,143,0xda703411a1c86797d56582ed57b1eae7d2d9864f5d03d7c33043680e96cdede8,0xc2edad668740f1aa35e4d8f227fb8e17dca888cd,0x6b3595068778dd592e39a122f4f5a5cf09c90fe2,0x6b4e746fa3c8fd5ec1861833c883360c11c4c5b3,9.475924720368634e+18,SushiToken,SUSHI,18,120,156874,107800001468,131874,10970165,deprecated,4332215
186,10851868,2020-09-13 06:01:47,0xa28a269e51fc6956f2a18efe35c5b54c223a1849972fa2bd5848a1432a88359d,143,0xda703411a1c86797d56582ed57b1eae7d2d9864f5d03d7c33043680e96cdede8,0x6b4e746fa3c8fd5ec1861833c883360c11c4c5b3,0x795065dcc9f64b5614c407a6efdc400da6221fb0,0xc2edad668740f1aa35e4d8f227fb8e17dca888cd,4.93241444064823e+20,SushiSwap LP Token,SLP,18,120,156874,107800001468,131874,10970165,deprecated,4332215
187,10869897,2020-09-16 00:24:26,0x8e17e3d343f57de251258ef9e69dbd15c2f89a9091293a6b91dd300119bb231c,144,0x5a4b23e8dc99c1161589e7e4aa37b90b0012679515822739a6bf58e1c8a81d1b,0xc2edad668740f1aa35e4d8f227fb8e17dca888cd,0x6b3595068778dd592e39a122f4f5a5cf09c90fe2,0x6b4e746fa3c8fd5ec1861833c883360c11c4c5b3,1.7871306803555876e+21,SushiToken,SUSHI,18,79,155880,102000001235,115880,6421451,deprecated,4314186
188,10869897,2020-09-16 00:24:26,0x8e17e3d343f57de251258ef9e69dbd15c2f89a9091293a6b91dd300119bb231c,144,0x5a4b23e8dc99c1161589e7e4aa37b90b0012679515822739a6bf58e1c8a81d1b,0xc2edad668740f1aa35e4d8f227fb8e17dca888cd,0x795065dcc9f64b5614c407a6efdc400da6221fb0,0x6b4e746fa3c8fd5ec1861833c883360c11c4c5b3,4.345891959760415e+21,SushiSwap LP Token,SLP,18,79,155880,102000001235,115880,6421451,deprecated,4314186
189,10870463,2020-09-16 02:27:51,0xec4b9c60a4d79b8e947059f2676ed75cdfffa9702f10449db1f92dc97d741b52,146,0x0bc261a4bafb71adc370bc9e095479f1979431627c1644d184ae68a72109a141,0x6b4e746fa3c8fd5ec1861833c883360c11c4c5b3,0x795065dcc9f64b5614c407a6efdc400da6221fb0,0xc2edad668740f1aa35e4d8f227fb8e17dca888cd,4.345891959760415e+21,SushiSwap LP Token,SLP,18,84,152379,134000001459,127379,6532305,deprecated,4313620
190,10886572,2020-09-18 14:07:47,0x0f394c8853597ee6a2eba88cd45f4786ea5d91419a5b9c779611fa4639a491b8,150,0x229b78af3acf77d89e099d5e10106b610aec957ae5af75edff4d1356fea44a0e,0x6b4e746fa3c8fd5ec1861833c883360c11c4c5b3,0x6b3595068778dd592e39a122f4f5a5cf09c90fe2,0x795065dcc9f64b5614c407a6efdc400da6221fb0,1.7966066050759564e+21,SushiToken,SUSHI,18,152,225019,242000000233,178960,10275788,deprecated,4297511
191,10886572,2020-09-18 14:07:47,0x0f394c8853597ee6a2eba88cd45f4786ea5d91419a5b9c779611fa4639a491b8,150,0x229b78af3acf77d89e099d5e10106b610aec957ae5af75edff4d1356fea44a0e,0x06da0fd433c1a5d7a4faa01111c044910a184553,0xdac17f958d2ee523a2206206994597c13d831ec7,0x6b4e746fa3c8fd5ec1861833c883360c11c4c5b3,3022398935.0,Tether USD,USDT,6,152,225019,242000000233,178960,10275788,deprecated,4297511
192,10886849,2020-09-18 15:02:52,0x86382e5d0dbd26ec9f21970ff1e053159e99eb8c7a2ed9783b0ec228b52ae329,151,0x327343e7acfd95fc75a3713601d41e7c3372d9765b97b639febebe1f4de812ae,0x6b4e746fa3c8fd5ec1861833c883360c11c4c5b3,0xdac17f958d2ee523a2206206994597c13d831ec7,0x0d4a11d5eeaac28ec3f61d100daf4d40471f1852,3022398935.0,Tether USD,USDT,6,82,185689,246400000233,140324,5249008,deprecated,4297234
193,10886849,2020-09-18 15:02:52,0x86382e5d0dbd26ec9f21970ff1e053159e99eb8c7a2ed9783b0ec228b52ae329,151,0x327343e7acfd95fc75a3713601d41e7c3372d9765b97b639febebe1f4de812ae,0x0000000000000000000000000000000000000000,0x0d4a11d5eeaac28ec3f61d100daf4d40471f1852,0x6b4e746fa3c8fd5ec1861833c883360c11c4c5b3,124600829704009.0,Uniswap V2,UNI-V2,18,82,185689,246400000233,140324,5249008,deprecated,4297234
194,10891985,2020-09-19 10:00:30,0x45e2d123df85047dc091db7319b439492127230453e22081c5a075be265b6e56,152,0x4f80921ac27e0156f706c70a23a69b19adeef7263155ac311012d5ab23ba8253,0x6b4e746fa3c8fd5ec1861833c883360c11c4c5b3,0x0d4a11d5eeaac28ec3f61d100daf4d40471f1852,0x6c3e4cb2e96b01f4b866965a91ed4437839a121a,124600829704009.0,Uniswap V2,UNI-V2,18,176,161185,128700000233,118495,10749147,deprecated,4292098
195,10893314,2020-09-19 14:51:40,0x2ff8a39c68a52d9ec75daffeba005c54779caed9bf8185a9378cf85ec34297ea,5242159,0xf783d9981bf5b249cdd17721dafa539b7350e6064f8f4973a97b9c437f926572,0x3f5ce5fbfe3e9af3971dd833d26ba9b5c936f0be,0xdac17f958d2ee523a2206206994597c13d831ec7,0x6b4e746fa3c8fd5ec1861833c883360c11c4c5b3,27507500000.0,Tether USD,USDT,6,116,207128,195000000000,56221,6322697,deprecated,4290769
196,10893319,2020-09-19 14:53:00,0x231f545a0a1f2065b79e0649c4ffcf776208a6add42e02f6e30605235cb12c62,153,0x58b0bd6ef72896399709de5d4b596a0445ab624f3eaff3954ef6be86787e0ef9,0xc2edad668740f1aa35e4d8f227fb8e17dca888cd,0x6b3595068778dd592e39a122f4f5a5cf09c90fe2,0x6b4e746fa3c8fd5ec1861833c883360c11c4c5b3,1.7027836033801988e+21,SushiToken,SUSHI,18,94,144166,162000000000,134166,9687031,deprecated,4290764
197,10893319,2020-09-19 14:53:00,0x231f545a0a1f2065b79e0649c4ffcf776208a6add42e02f6e30605235cb12c62,153,0x58b0bd6ef72896399709de5d4b596a0445ab624f3eaff3954ef6be86787e0ef9,0x6b4e746fa3c8fd5ec1861833c883360c11c4c5b3,0x795065dcc9f64b5614c407a6efdc400da6221fb0,0xc2edad668740f1aa35e4d8f227fb8e17dca888cd,0.0,SushiSwap LP Token,SLP,18,94,144166,162000000000,134166,9687031,deprecated,4290764
198,10893347,2020-09-19 14:58:26,0x21212874648b7fe25e8712a0a8479b8db8d3cb654a9601acccf1a7baa6bf8d35,155,0xbb36af2f0c82c68d11ec7b0165b6ca19babdca421a59b33bf1770448a2a77a36,0x6b4e746fa3c8fd5ec1861833c883360c11c4c5b3,0xdac17f958d2ee523a2206206994597c13d831ec7,0x06da0fd433c1a5d7a4faa01111c044910a184553,27507500000.0,Tether USD,USDT,6,143,226915,161700000233,164985,10480512,deprecated,4290736
199,10893347,2020-09-19 14:58:26,0x21212874648b7fe25e8712a0a8479b8db8d3cb654a9601acccf1a7baa6bf8d35,155,0xbb36af2f0c82c68d11ec7b0165b6ca19babdca421a59b33bf1770448a2a77a36,0x0000000000000000000000000000000000000000,0x06da0fd433c1a5d7a4faa01111c044910a184553,0x6b4e746fa3c8fd5ec1861833c883360c11c4c5b3,1147439894666207.0,SushiSwap LP Token,SLP,18,143,226915,161700000233,164985,10480512,deprecated,4290736
200,10893367,2020-09-19 15:02:26,0x27584d67a4688be4605304d2037be7f8c8c76b29533f758ba08de9f8da4d31d4,157,0xcfd6009e4848e79deba6232fd3fe985d1d6c8ed5c92981da7f930d1a9157cbd2,0x6b4e746fa3c8fd5ec1861833c883360c11c4c5b3,0x06da0fd433c1a5d7a4faa01111c044910a184553,0xc2edad668740f1aa35e4d8f227fb8e17dca888cd,1147439894666207.0,SushiSwap LP Token,SLP,18,102,152343,158400000233,127343,8946956,deprecated,4290716
201,10897208,2020-09-20 05:10:10,0x3e44c66bd8ebbcb815889a201912e86d6c10fff6d0c63a701ca87df62b393ca2,2869605,0x1a29b188bd17ecbfb5da5f63eb365800c392a2e43b54604c2c937f1a3e656d31,0x0681d8db095565fe8a346fa0277bffde9c0edbbf,0xdac17f958d2ee523a2206206994597c13d831ec7,0x6b4e746fa3c8fd5ec1861833c883360c11c4c5b3,22995000000.0,Tether USD,USDT,6,49,207128,137000000000,56221,3010543,deprecated,4286875
202,10897230,2020-09-20 05:14:55,0x62e278e00ccbd5cac2f4a297f3f10ef785fa6328dd5177cffcf04a71ec1de9fe,158,0x099276bd2c20a0be8af2a89772fc9b75db5d48226f2c67edebcf1e01c260f8be,0x6b4e746fa3c8fd5ec1861833c883360c11c4c5b3,0xdac17f958d2ee523a2206206994597c13d831ec7,0x0d4a11d5eeaac28ec3f61d100daf4d40471f1852,22995000000.0,Tether USD,USDT,6,229,185742,110000000233,128356,10025062,deprecated,4286853
203,10897230,2020-09-20 05:14:55,0x62e278e00ccbd5cac2f4a297f3f10ef785fa6328dd5177cffcf04a71ec1de9fe,158,0x099276bd2c20a0be8af2a89772fc9b75db5d48226f2c67edebcf1e01c260f8be,0x0000000000000000000000000000000000000000,0x0d4a11d5eeaac28ec3f61d100daf4d40471f1852,0x6b4e746fa3c8fd5ec1861833c883360c11c4c5b3,954649707424943.0,Uniswap V2,UNI-V2,18,229,185742,110000000233,128356,10025062,deprecated,4286853
204,10897257,2020-09-20 05:21:02,0x1b99071c5b6f4f19628ff7282089ed62d2a553825e46384ef753bdfd5bb295c1,159,0xdc3a764a7c51efc0eea96ac970d5a8404223725604a61867ef1094c544c25665,0x6b4e746fa3c8fd5ec1861833c883360c11c4c5b3,0x0d4a11d5eeaac28ec3f61d100daf4d40471f1852,0x6c3e4cb2e96b01f4b866965a91ed4437839a121a,954649707424943.0,Uniswap V2,UNI-V2,18,101,150430,110000000233,116230,5640792,deprecated,4286826
205,10899876,2020-09-20 14:50:34,0x1abf9e9ec6c37a7c7c6d638db6f52a72d73110b2577aecd6844fa7e256aa4c7a,160,0xc6858bd122045e0cc3ea40649682525abb76fd4e9d86ec9733d41510d3c2f9ea,0x6c3e4cb2e96b01f4b866965a91ed4437839a121a,0x0d4a11d5eeaac28ec3f61d100daf4d40471f1852,0x6b4e746fa3c8fd5ec1861833c883360c11c4c5b3,1079250537128952.0,Uniswap V2,UNI-V2,18,148,172094,97900000233,142094,10637752,deprecated,4284207
206,10899876,2020-09-20 14:50:34,0x1abf9e9ec6c37a7c7c6d638db6f52a72d73110b2577aecd6844fa7e256aa4c7a,160,0xc6858bd122045e0cc3ea40649682525abb76fd4e9d86ec9733d41510d3c2f9ea,0x6c3e4cb2e96b01f4b866965a91ed4437839a121a,0x1f9840a85d5af5bf1d1762f925bdaddc4201f984,0x6b4e746fa3c8fd5ec1861833c883360c11c4c5b3,5.922516856499158e+18,Uniswap,UNI,18,148,172094,97900000233,142094,10637752,deprecated,4284207
207,10899956,2020-09-20 15:06:49,0xa500e0a3b6bec6b5e0d662fb4c0050eb92c8035b86f72514a2a0c94ec31045b6,161,0x9bd9cee209a78bcf836e24d86902656e54cf1475086d8b2919d77322145be5e9,0x6b4e746fa3c8fd5ec1861833c883360c11c4c5b3,0x0d4a11d5eeaac28ec3f61d100daf4d40471f1852,0x0d4a11d5eeaac28ec3f61d100daf4d40471f1852,1079250537128952.0,Uniswap V2,UNI-V2,18,123,296887,179300000233,171832,7791044,deprecated,4284127
208,10899956,2020-09-20 15:06:49,0xa500e0a3b6bec6b5e0d662fb4c0050eb92c8035b86f72514a2a0c94ec31045b6,161,0x9bd9cee209a78bcf836e24d86902656e54cf1475086d8b2919d77322145be5e9,0x7a250d5630b4cf539739df2c5dacb4c659f2488d,0xdac17f958d2ee523a2206206994597c13d831ec7,0x6b4e746fa3c8fd5ec1861833c883360c11c4c5b3,25677213077.0,Tether USD,USDT,6,123,296887,179300000233,171832,7791044,deprecated,4284127
209,10899966,2020-09-20 15:08:50,0x96c733a51fbd9599f0bb4a2de1e89d088aae349f054011cea6503383f341dc52,162,0x87707de6b94effb0452368020160e9cab008bd7e0dfed99f47651d6dd89312bf,0x6b4e746fa3c8fd5ec1861833c883360c11c4c5b3,0xdac17f958d2ee523a2206206994597c13d831ec7,0x06da0fd433c1a5d7a4faa01111c044910a184553,25677213077.0,Tether USD,USDT,6,107,227158,179300000233,165203,8872621,deprecated,4284117
210,10899966,2020-09-20 15:08:50,0x96c733a51fbd9599f0bb4a2de1e89d088aae349f054011cea6503383f341dc52,162,0x87707de6b94effb0452368020160e9cab008bd7e0dfed99f47651d6dd89312bf,0x0000000000000000000000000000000000000000,0x06da0fd433c1a5d7a4faa01111c044910a184553,0x6b4e746fa3c8fd5ec1861833c883360c11c4c5b3,1089059598224967.0,SushiSwap LP Token,SLP,18,107,227158,179300000233,165203,8872621,deprecated,4284117
211,10899975,2020-09-20 15:10:52,0xb17c40baca2ad43e27ced1f34d0ffcae479d17a4298456113094b2c483c38976,163,0x2d98876b052fab149807fccac361236d3a4b8c4903de380f4b846a93a7943707,0xc2edad668740f1aa35e4d8f227fb8e17dca888cd,0x6b3595068778dd592e39a122f4f5a5cf09c90fe2,0x6b4e746fa3c8fd5ec1861833c883360c11c4c5b3,4.6018008358678815e+19,SushiToken,SUSHI,18,163,141838,130000000000,116838,11244056,deprecated,4284108
212,10899975,2020-09-20 15:10:52,0xb17c40baca2ad43e27ced1f34d0ffcae479d17a4298456113094b2c483c38976,163,0x2d98876b052fab149807fccac361236d3a4b8c4903de380f4b846a93a7943707,0x6b4e746fa3c8fd5ec1861833c883360c11c4c5b3,0x06da0fd433c1a5d7a4faa01111c044910a184553,0xc2edad668740f1aa35e4d8f227fb8e17dca888cd,1089059598224967.0,SushiSwap LP Token,SLP,18,163,141838,130000000000,116838,11244056,deprecated,4284108
213,10924152,2020-09-24 08:16:18,0x8fc3d5180b136f904f2714808cfa3d9a6bf3eb82e520f9ce8de5fde5f8dbe67a,165,0x9b5bb18de66cb272becd811db7050c10f13e633d1dab57992e36148298a04ca1,0x0000000000000000000000000000000000000000,0x8798249c2e607446efb7ad49ec89dd1865ff4272,0x6b4e746fa3c8fd5ec1861833c883360c11c4c5b3,1.6990236243972926e+21,SushiBar,xSUSHI,18,42,91007,93000000000,65728,2185086,deprecated,4259931
214,10924152,2020-09-24 08:16:18,0x8fc3d5180b136f904f2714808cfa3d9a6bf3eb82e520f9ce8de5fde5f8dbe67a,165,0x9b5bb18de66cb272becd811db7050c10f13e633d1dab57992e36148298a04ca1,0x6b4e746fa3c8fd5ec1861833c883360c11c4c5b3,0x6b3595068778dd592e39a122f4f5a5cf09c90fe2,0x8798249c2e607446efb7ad49ec89dd1865ff4272,1.7488016117388775e+21,SushiToken,SUSHI,18,42,91007,93000000000,65728,2185086,deprecated,4259931
215,10925705,2020-09-24 13:49:23,0x26653ccc8ba3142a0ccdb62e0e382f6291454ea2fc832d9ee912ae5e3ef77e8b,166,0x8a5a7df0ea0027845b3f069e76d737c29aba4a458dbd1a509def609996f4372b,0x6b4e746fa3c8fd5ec1861833c883360c11c4c5b3,0x8798249c2e607446efb7ad49ec89dd1865ff4272,0x0000000000000000000000000000000000000000,1.6990236243972926e+21,SushiBar,xSUSHI,18,170,82921,91000000000,57537,10095777,deprecated,4258378
216,10925705,2020-09-24 13:49:23,0x26653ccc8ba3142a0ccdb62e0e382f6291454ea2fc832d9ee912ae5e3ef77e8b,166,0x8a5a7df0ea0027845b3f069e76d737c29aba4a458dbd1a509def609996f4372b,0x8798249c2e607446efb7ad49ec89dd1865ff4272,0x6b3595068778dd592e39a122f4f5a5cf09c90fe2,0x6b4e746fa3c8fd5ec1861833c883360c11c4c5b3,1.7501087854388325e+21,SushiToken,SUSHI,18,170,82921,91000000000,57537,10095777,deprecated,4258378
217,10937146,2020-09-26 08:22:31,0x045d6594856527c76ff1dcef80a8f58ae89627f78dbb6c6ac533d3d72e3407e8,167,0xfdc0a53fd35f0af2840c9d3484584adba5a57907226c3549f5542b1b1671b2cd,0xc2edad668740f1aa35e4d8f227fb8e17dca888cd,0x6b3595068778dd592e39a122f4f5a5cf09c90fe2,0x6b4e746fa3c8fd5ec1861833c883360c11c4c5b3,2.8001450042978966e+21,SushiToken,SUSHI,18,110,129166,61000000000,119166,8238160,deprecated,4246937
218,10937146,2020-09-26 08:22:31,0x045d6594856527c76ff1dcef80a8f58ae89627f78dbb6c6ac533d3d72e3407e8,167,0xfdc0a53fd35f0af2840c9d3484584adba5a57907226c3549f5542b1b1671b2cd,0x6b4e746fa3c8fd5ec1861833c883360c11c4c5b3,0x795065dcc9f64b5614c407a6efdc400da6221fb0,0xc2edad668740f1aa35e4d8f227fb8e17dca888cd,0.0,SushiSwap LP Token,SLP,18,110,129166,61000000000,119166,8238160,deprecated,4246937
219,11178110,2020-11-02 14:09:47,0x47c976b0aabc1b63e2cdae65081961dd91902458f9a5325734cc85f0cb4efb13,1442548,0x182b42d914301ebf44b3300dbf39b0164ebc6b436a04a9c362aa86541115da94,0x1062a747393198f70f71ec65a582423dba7e5ab3,0xdac17f958d2ee523a2206206994597c13d831ec7,0x6b4e746fa3c8fd5ec1861833c883360c11c4c5b3,7228208160.0,Tether USD,USDT,6,123,100000,88000000000,56221,5766258,deprecated,4005973
220,11178129,2020-11-02 14:13:16,0xea04348048305faf846e3e4709e0a89d736774018d417d557313cf11ad74f379,1450040,0xc7086e0452df6fc4063329df9cac2f4914e934bf3d62f6c3344558f3732cbeaa,0x6748f50f686bfbca6fe8ad62b22228b87f31ff2b,0xdac17f958d2ee523a2206206994597c13d831ec7,0x6b4e746fa3c8fd5ec1861833c883360c11c4c5b3,1256237001.0,Tether USD,USDT,6,24,100000,93000000000,41209,2318843,deprecated,4005954
221,11207653,2020-11-07 02:41:24,0xa6407c9176abccdb1e844a3c6dd89a1c138dfd845657f3b870d389c025ff369f,168,0x955a1354b29e9c76b3928c292f9a207b5e3d91ec137c6e2a2a94c962b42e58e5,0xc2edad668740f1aa35e4d8f227fb8e17dca888cd,0x6b3595068778dd592e39a122f4f5a5cf09c90fe2,0x6b4e746fa3c8fd5ec1861833c883360c11c4c5b3,8.246088926909733e+21,SushiToken,SUSHI,18,190,129166,91000000000,119166,11591134,deprecated,3976430
222,11207653,2020-11-07 02:41:24,0xa6407c9176abccdb1e844a3c6dd89a1c138dfd845657f3b870d389c025ff369f,168,0x955a1354b29e9c76b3928c292f9a207b5e3d91ec137c6e2a2a94c962b42e58e5,0x6b4e746fa3c8fd5ec1861833c883360c11c4c5b3,0x795065dcc9f64b5614c407a6efdc400da6221fb0,0xc2edad668740f1aa35e4d8f227fb8e17dca888cd,0.0,SushiSwap LP Token,SLP,18,190,129166,91000000000,119166,11591134,deprecated,3976430
223,11207658,2020-11-07 02:43:23,0x71f7ff0eeae701bfccbbd8cf1d652c15971c1b46707913ce5a86d44fce8562a6,169,0xf33b15ecb7d26e6211833b3533dd73fe44e9e6164964d33131906b2f7193e998,0xc2edad668740f1aa35e4d8f227fb8e17dca888cd,0x6b3595068778dd592e39a122f4f5a5cf09c90fe2,0x6b4e746fa3c8fd5ec1861833c883360c11c4c5b3,2.962458639995673e+21,SushiToken,SUSHI,18,32,129154,86000001235,119154,2826194,deprecated,3976425
224,11207658,2020-11-07 02:43:23,0x71f7ff0eeae701bfccbbd8cf1d652c15971c1b46707913ce5a86d44fce8562a6,169,0xf33b15ecb7d26e6211833b3533dd73fe44e9e6164964d33131906b2f7193e998,0x6b4e746fa3c8fd5ec1861833c883360c11c4c5b3,0x06da0fd433c1a5d7a4faa01111c044910a184553,0xc2edad668740f1aa35e4d8f227fb8e17dca888cd,0.0,SushiSwap LP Token,SLP,18,32,129154,86000001235,119154,2826194,deprecated,3976425
225,11328212,2020-11-25 15:07:46,0x826d605993568ea9047e7048f5f26f4cc36bc6025b20bd50f7d7c0004e392eb1,170,0x4c2d962bd90d2e85f2834e582ca21d8faf26abba2ed30f4da694f3cecdf2a19a,0x6b4e746fa3c8fd5ec1861833c883360c11c4c5b3,0xdac17f958d2ee523a2206206994597c13d831ec7,0x9be2890e039c13535d8ba9ba055d31540b7c5bd3,8484000000.0,Tether USD,USDT,6,215,60000,51000001459,56209,12487835,deprecated,3855871
226,11347554,2020-11-28 14:26:53,0x354aa16f37130942b131b0253abf2936879f8927a72bc52772402d8a6f8e6103,171,0x41f54e341f308ed64dfbc5506bfc94044f3e7a0a6f1ef7add420c6c02f4252b2,0xc2edad668740f1aa35e4d8f227fb8e17dca888cd,0x6b3595068778dd592e39a122f4f5a5cf09c90fe2,0x6b4e746fa3c8fd5ec1861833c883360c11c4c5b3,4.00998438848286e+21,SushiToken,SUSHI,18,321,129166,20000001459,119166,10165478,deprecated,3836529
227,11347554,2020-11-28 14:26:53,0x354aa16f37130942b131b0253abf2936879f8927a72bc52772402d8a6f8e6103,171,0x41f54e341f308ed64dfbc5506bfc94044f3e7a0a6f1ef7add420c6c02f4252b2,0x6b4e746fa3c8fd5ec1861833c883360c11c4c5b3,0x795065dcc9f64b5614c407a6efdc400da6221fb0,0xc2edad668740f1aa35e4d8f227fb8e17dca888cd,0.0,SushiSwap LP Token,SLP,18,321,129166,20000001459,119166,10165478,deprecated,3836529
228,11347566,2020-11-28 14:29:23,0x54481a6c9606ef383f770b7b60f2a938eb44234b8a20ace31b494436afbac0b6,172,0x9ff743ac38a1564547cd11016591e88b3769952699eb1c5839ced48ae92a5620,0x6b4e746fa3c8fd5ec1861833c883360c11c4c5b3,0x6b3595068778dd592e39a122f4f5a5cf09c90fe2,0x9cac9f457630d900561f6887c72747402b73e611,1.9768785745124996e+22,SushiToken,SUSHI,18,44,60000,19000001459,36193,1782486,deprecated,3836517
229,11373677,2020-12-02 14:41:42,0xfb54a19880d63669b8d168cc3dc337c62b27227d54765bce9d95db3e8cd6eba4,173,0xeb08b6572163c3e91ee5fc02f348ec1347d4c7fe3e1c7b7d3c0024a8a776bec9,0xc2edad668740f1aa35e4d8f227fb8e17dca888cd,0x6b3595068778dd592e39a122f4f5a5cf09c90fe2,0x6b4e746fa3c8fd5ec1861833c883360c11c4c5b3,9.920194424593009e+20,SushiToken,SUSHI,18,127,144154,40000000000,134154,8517689,deprecated,3810406
230,11373677,2020-12-02 14:41:42,0xfb54a19880d63669b8d168cc3dc337c62b27227d54765bce9d95db3e8cd6eba4,173,0xeb08b6572163c3e91ee5fc02f348ec1347d4c7fe3e1c7b7d3c0024a8a776bec9,0x6b4e746fa3c8fd5ec1861833c883360c11c4c5b3,0x06da0fd433c1a5d7a4faa01111c044910a184553,0xc2edad668740f1aa35e4d8f227fb8e17dca888cd,0.0,SushiSwap LP Token,SLP,18,127,144154,40000000000,134154,8517689,deprecated,3810406
231,11373686,2020-12-02 14:44:07,0x77409bd5c379748772ff28784771b8a22b9f7d8d955846fd1a05da2275c7181f,174,0x7b1d5608be71a9a94079b87ca8e584f3475a15671a37ce992ffcff0b9b0a263a,0xc2edad668740f1aa35e4d8f227fb8e17dca888cd,0x6b3595068778dd592e39a122f4f5a5cf09c90fe2,0x6b4e746fa3c8fd5ec1861833c883360c11c4c5b3,3.4499385694557864e+16,SushiToken,SUSHI,18,93,155844,40000000000,115844,4831773,deprecated,3810397
232,11373686,2020-12-02 14:44:07,0x77409bd5c379748772ff28784771b8a22b9f7d8d955846fd1a05da2275c7181f,174,0x7b1d5608be71a9a94079b87ca8e584f3475a15671a37ce992ffcff0b9b0a263a,0xc2edad668740f1aa35e4d8f227fb8e17dca888cd,0x06da0fd433c1a5d7a4faa01111c044910a184553,0x6b4e746fa3c8fd5ec1861833c883360c11c4c5b3,2236499492891174.0,SushiSwap LP Token,SLP,18,93,155844,40000000000,115844,4831773,deprecated,3810397
233,11408990,2020-12-08 00:51:14,0x4f6a03521563e0f61f03c725f91934bf028d41c4723475b262500b07cbb775bf,176,0x91350e0fc3537b3848befba246f9d6c0b50fd7569fd0eced6e6b35bcf34f740e,0x6b4e746fa3c8fd5ec1861833c883360c11c4c5b3,0x06da0fd433c1a5d7a4faa01111c044910a184553,0xc2edad668740f1aa35e4d8f227fb8e17dca888cd,2236499492891174.0,SushiSwap LP Token,SLP,18,157,152343,46000000000,127343,9056079,deprecated,3775093
234,11412735,2020-12-08 14:40:17,0xa842a95eb502ec73840fe46700f3f5c57de3bb5a81693b22e1df32e1f26ba03c,177,0x2e17384c3cbe4dd69cc695924355515c44d54dc98d66261b866bac9cc0855fc2,0xc2edad668740f1aa35e4d8f227fb8e17dca888cd,0x6b3595068778dd592e39a122f4f5a5cf09c90fe2,0x6b4e746fa3c8fd5ec1861833c883360c11c4c5b3,1.1074901634196826e+19,SushiToken,SUSHI,18,58,155844,55000000000,115844,4285172,deprecated,3771348
235,11412735,2020-12-08 14:40:17,0xa842a95eb502ec73840fe46700f3f5c57de3bb5a81693b22e1df32e1f26ba03c,177,0x2e17384c3cbe4dd69cc695924355515c44d54dc98d66261b866bac9cc0855fc2,0xc2edad668740f1aa35e4d8f227fb8e17dca888cd,0x06da0fd433c1a5d7a4faa01111c044910a184553,0x6b4e746fa3c8fd5ec1861833c883360c11c4c5b3,2236499492891174.0,SushiSwap LP Token,SLP,18,58,155844,55000000000,115844,4285172,deprecated,3771348
236,11412746,2020-12-08 14:42:18,0xe0cb7f19b9d53c318f95902c7fdb9d76fbe8f8f02d360a2fd61ddbe01467b0d0,178,0xf9e7959b5d2491ced43c2bdc049f717dff69bc5ae0bd20f03ca3846025e9f9f0,0x6b4e746fa3c8fd5ec1861833c883360c11c4c5b3,0x06da0fd433c1a5d7a4faa01111c044910a184553,0x06da0fd433c1a5d7a4faa01111c044910a184553,2236499492891174.0,SushiSwap LP Token,SLP,18,157,334110,55000000233,205671,9767673,deprecated,3771337
237,11412746,2020-12-08 14:42:18,0xe0cb7f19b9d53c318f95902c7fdb9d76fbe8f8f02d360a2fd61ddbe01467b0d0,178,0xf9e7959b5d2491ced43c2bdc049f717dff69bc5ae0bd20f03ca3846025e9f9f0,0xd9e1ce17f2641f24ae83637ab66a2cca9c378b9f,0xdac17f958d2ee523a2206206994597c13d831ec7,0x6b4e746fa3c8fd5ec1861833c883360c11c4c5b3,66719222346.0,Tether USD,USDT,6,157,334110,55000000233,205671,9767673,deprecated,3771337
238,11412762,2020-12-08 14:46:17,0x09ad400ca30e90b304dcc76905ec3482960cd131b03fa8daa640fd09ba84b056,179,0x04620582c18033c3623be8f91189e078eb6aaeb7342a62a9e38182b05d4fa7f6,0x6b4e746fa3c8fd5ec1861833c883360c11c4c5b3,0xdac17f958d2ee523a2206206994597c13d831ec7,0x9be2890e039c13535d8ba9ba055d31540b7c5bd3,66719667507.0,Tether USD,USDT,6,139,60000,43000001459,41221,7799385,deprecated,3771321
239,11483510,2020-12-19 11:57:48,0xab86ef0375520bf6ded39e0f29dd8f763388bd7798f14a3a2efd28f1c888b45e,180,0xb9400b8d9c4774b30f49430766548e6cf878420d913f4c0142b8b892b5312f2a,0xc2edad668740f1aa35e4d8f227fb8e17dca888cd,0x6b3595068778dd592e39a122f4f5a5cf09c90fe2,0x6b4e746fa3c8fd5ec1861833c883360c11c4c5b3,2.544620290252067e+21,SushiToken,SUSHI,18,161,129166,39000000000,119166,11448350,deprecated,3700573
240,11483510,2020-12-19 11:57:48,0xab86ef0375520bf6ded39e0f29dd8f763388bd7798f14a3a2efd28f1c888b45e,180,0xb9400b8d9c4774b30f49430766548e6cf878420d913f4c0142b8b892b5312f2a,0x6b4e746fa3c8fd5ec1861833c883360c11c4c5b3,0x795065dcc9f64b5614c407a6efdc400da6221fb0,0xc2edad668740f1aa35e4d8f227fb8e17dca888cd,0.0,SushiSwap LP Token,SLP,18,161,129166,39000000000,119166,11448350,deprecated,3700573
241,11483521,2020-12-19 12:00:29,0xba9ed7ca106ffa3f9bcf2befc041ae60aae8e48a70e8cd2d22d97d72484a9523,181,0xd5b175900d1fe1d3ffcf2d280e44e7db92fba3ebc1d5c37f15d634b82875176a,0x6b4e746fa3c8fd5ec1861833c883360c11c4c5b3,0x6b3595068778dd592e39a122f4f5a5cf09c90fe2,0x9cac9f457630d900561f6887c72747402b73e611,3.547e+21,SushiToken,SUSHI,18,59,60000,40000001459,51157,3815063,deprecated,3700562
242,11648020,2021-01-13 17:28:38,0x2daeecb77b35ada31790781cd7aefb0f3d3fe9d4832d908003b6346e1c979e65,183,0xe9e9225378a01c08e61dc766c01d13413d92555e08ebe9383bf06c4c5b25e39b,0xc2edad668740f1aa35e4d8f227fb8e17dca888cd,0x6b3595068778dd592e39a122f4f5a5cf09c90fe2,0x6b4e746fa3c8fd5ec1861833c883360c11c4c5b3,2.798935071144865e+21,SushiToken,SUSHI,18,70,155901,67000000000,145901,10164858,deprecated,3536063
243,11648020,2021-01-13 17:28:38,0x2daeecb77b35ada31790781cd7aefb0f3d3fe9d4832d908003b6346e1c979e65,183,0xe9e9225378a01c08e61dc766c01d13413d92555e08ebe9383bf06c4c5b25e39b,0xc2edad668740f1aa35e4d8f227fb8e17dca888cd,0x795065dcc9f64b5614c407a6efdc400da6221fb0,0x6b4e746fa3c8fd5ec1861833c883360c11c4c5b3,1e+21,SushiSwap LP Token,SLP,18,70,155901,67000000000,145901,10164858,deprecated,3536063
244,11648043,2021-01-13 17:32:14,0x25008e152b791eb572d4760718eb388b1777c879659576d5224e29dec73a9e5a,184,0xdd8d82a587c778c28abb7a27540984afcb35aec28be07fd94488287657f30f37,0x6b4e746fa3c8fd5ec1861833c883360c11c4c5b3,0x795065dcc9f64b5614c407a6efdc400da6221fb0,0x795065dcc9f64b5614c407a6efdc400da6221fb0,1e+21,SushiSwap LP Token,SLP,18,68,337250,72600000233,208528,10678664,deprecated,3536040
245,11648043,2021-01-13 17:32:14,0x25008e152b791eb572d4760718eb388b1777c879659576d5224e29dec73a9e5a,184,0xdd8d82a587c778c28abb7a27540984afcb35aec28be07fd94488287657f30f37,0xd9e1ce17f2641f24ae83637ab66a2cca9c378b9f,0x6b3595068778dd592e39a122f4f5a5cf09c90fe2,0x6b4e746fa3c8fd5ec1861833c883360c11c4c5b3,1.6731396198627501e+22,SushiToken,SUSHI,18,68,337250,72600000233,208528,10678664,deprecated,3536040
246,11648056,2021-01-13 17:35:13,0x391f1cb7561c047d149ef3837dcbefc10d8408043a93d6ec413a978cf73e5ec0,185,0xe35a2fc9f65caa14259daac61f18214c0b3f5bcedee1d84d775468c7b5c6eb34,0x6b4e746fa3c8fd5ec1861833c883360c11c4c5b3,0x6b3595068778dd592e39a122f4f5a5cf09c90fe2,0x9cac9f457630d900561f6887c72747402b73e611,1.9531080403503624e+22,SushiToken,SUSHI,18,92,60000,44000001459,36193,6746549,deprecated,3536027
247,11666862,2021-01-16 14:49:07,0x1812dbda520e3b723c9e7a8f55069524bb678e1d5c3cae8eb42530d684428097,187,0xe5b0bf4bd1ec6f03ef0ede140d8c226202b4efd5e326c63ed598f3c10dc381ed,0xc2edad668740f1aa35e4d8f227fb8e17dca888cd,0x6b3595068778dd592e39a122f4f5a5cf09c90fe2,0x6b4e746fa3c8fd5ec1861833c883360c11c4c5b3,2.6904894413458198e+20,SushiToken,SUSHI,18,145,170901,70000000000,160901,8606860,deprecated,3517221
248,11666862,2021-01-16 14:49:07,0x1812dbda520e3b723c9e7a8f55069524bb678e1d5c3cae8eb42530d684428097,187,0xe5b0bf4bd1ec6f03ef0ede140d8c226202b4efd5e326c63ed598f3c10dc381ed,0xc2edad668740f1aa35e4d8f227fb8e17dca888cd,0x795065dcc9f64b5614c407a6efdc400da6221fb0,0x6b4e746fa3c8fd5ec1861833c883360c11c4c5b3,1e+21,SushiSwap LP Token,SLP,18,145,170901,70000000000,160901,8606860,deprecated,3517221
249,11667687,2021-01-16 17:52:25,0x95991a9264b79aa6f27c76172b5100e0d7dd61925643023c2a41feac554ecce8,189,0x88f7db5531d913f263a59973c01260fd68c58f8256c3433dac9719b74bc9b3d1,0x6b4e746fa3c8fd5ec1861833c883360c11c4c5b3,0x795065dcc9f64b5614c407a6efdc400da6221fb0,0x795065dcc9f64b5614c407a6efdc400da6221fb0,1e+21,SushiSwap LP Token,SLP,18,106,308759,100100000233,182627,6739996,deprecated,3516396
250,11667687,2021-01-16 17:52:25,0x95991a9264b79aa6f27c76172b5100e0d7dd61925643023c2a41feac554ecce8,189,0x88f7db5531d913f263a59973c01260fd68c58f8256c3433dac9719b74bc9b3d1,0xd9e1ce17f2641f24ae83637ab66a2cca9c378b9f,0x6b3595068778dd592e39a122f4f5a5cf09c90fe2,0x6b4e746fa3c8fd5ec1861833c883360c11c4c5b3,1.494651659834262e+22,SushiToken,SUSHI,18,106,308759,100100000233,182627,6739996,deprecated,3516396
251,11667701,2021-01-16 17:55:46,0x1c086180a1d0d7ba7b1c031d11392a77a917d2f9991cb7cde3abcb924f5e28dc,190,0xefd5037fd684aa5d7a01afe075dd9257464e3a6b448d80fbfe29373905962da6,0x6b4e746fa3c8fd5ec1861833c883360c11c4c5b3,0x6b3595068778dd592e39a122f4f5a5cf09c90fe2,0x9cac9f457630d900561f6887c72747402b73e611,1.5215565542477202e+22,SushiToken,SUSHI,18,93,60000,48000001459,36193,9964733,deprecated,3516382
252,11719893,2021-01-24 18:15:05,0x81b5af3a3de3b83b94fac198eaf107b6e9437b19bf51b8606a9341b7779b7cc3,191,0x4b23667d82f2ffa60a9b3c40e6dccf72323a62383b42591256e442169b51866d,0xc2edad668740f1aa35e4d8f227fb8e17dca888cd,0x6b3595068778dd592e39a122f4f5a5cf09c90fe2,0x6b4e746fa3c8fd5ec1861833c883360c11c4c5b3,4.7748940490877456e+20,SushiToken,SUSHI,18,126,170880,88000000000,130880,9987342,deprecated,3464190
253,11719893,2021-01-24 18:15:05,0x81b5af3a3de3b83b94fac198eaf107b6e9437b19bf51b8606a9341b7779b7cc3,191,0x4b23667d82f2ffa60a9b3c40e6dccf72323a62383b42591256e442169b51866d,0xc2edad668740f1aa35e4d8f227fb8e17dca888cd,0x795065dcc9f64b5614c407a6efdc400da6221fb0,0x6b4e746fa3c8fd5ec1861833c883360c11c4c5b3,2.345891959760415e+21,SushiSwap LP Token,SLP,18,126,170880,88000000000,130880,9987342,deprecated,3464190
254,11719932,2021-01-24 18:22:45,0x88539f9596be6d1aaf1224e4bab48e943bb4dbea26d0438359f09bbcef01e6a6,192,0xec5f4fa874afe386218bbe79044ee2704ecf3a62b099bcfefeb8fe0c0dbcc58d,0x6b4e746fa3c8fd5ec1861833c883360c11c4c5b3,0x795065dcc9f64b5614c407a6efdc400da6221fb0,0x795065dcc9f64b5614c407a6efdc400da6221fb0,2.345891959760415e+21,SushiSwap LP Token,SLP,18,112,269216,90200000233,184056,8574884,deprecated,3464151
255,11719932,2021-01-24 18:22:45,0x88539f9596be6d1aaf1224e4bab48e943bb4dbea26d0438359f09bbcef01e6a6,192,0xec5f4fa874afe386218bbe79044ee2704ecf3a62b099bcfefeb8fe0c0dbcc58d,0x795065dcc9f64b5614c407a6efdc400da6221fb0,0x6b3595068778dd592e39a122f4f5a5cf09c90fe2,0x6b4e746fa3c8fd5ec1861833c883360c11c4c5b3,3.3873718753073377e+22,SushiToken,SUSHI,18,112,269216,90200000233,184056,8574884,deprecated,3464151
256,11719932,2021-01-24 18:22:45,0x88539f9596be6d1aaf1224e4bab48e943bb4dbea26d0438359f09bbcef01e6a6,192,0xec5f4fa874afe386218bbe79044ee2704ecf3a62b099bcfefeb8fe0c0dbcc58d,0x795065dcc9f64b5614c407a6efdc400da6221fb0,0xc02aaa39b223fe8d0a0e5c4f27ead9083c756cc2,0x6b4e746fa3c8fd5ec1861833c883360c11c4c5b3,2.0681677284527384e+20,Wrapped Ether,WETH,18,112,269216,90200000233,184056,8574884,deprecated,3464151
257,11719989,2021-01-24 18:33:39,0x1294c09d2d9fe89477dbba2d911e1ca1bb78a9506aa9f721e69dee1bce1a4d57,193,0x69024d73ffcbbb2cb67a763602939fc2b0bba55dcac765cc3fa66e1de555c68b,0x6b4e746fa3c8fd5ec1861833c883360c11c4c5b3,0x6b3595068778dd592e39a122f4f5a5cf09c90fe2,0x9cac9f457630d900561f6887c72747402b73e611,3.435120815798215e+22,SushiToken,SUSHI,18,193,60000,54000001459,36193,12215764,deprecated,3464094
258,11722875,2021-01-25 05:13:14,0x6e5b2af641d1afe5bf5637e91b9bd4c22d96b2379ebb3beccc39114f633dd30e,3854938,0x88fc1e440d2f05a426c78e64c5f67357d2947d98ef432cb16a40f9d53a765d05,0xd551234ae421e3bcba99a0da6d736074f22192ff,0x6b3595068778dd592e39a122f4f5a5cf09c90fe2,0x6b4e746fa3c8fd5ec1861833c883360c11c4c5b3,2.99867e+21,SushiToken,SUSHI,18,4,207128,104000000000,51169,243787,deprecated,3461208
259,11722901,2021-01-25 05:18:27,0x418d18144453aa71a96db3356411c2b3859da3032d46804c13479d592f0d954e,195,0xcc4bbbece4b0fd34b5f6e4b01ee7a7bf7f59308e039c7df9787a7c9b8fa9892f,0x6b4e746fa3c8fd5ec1861833c883360c11c4c5b3,0x6b3595068778dd592e39a122f4f5a5cf09c90fe2,0x795065dcc9f64b5614c407a6efdc400da6221fb0,2.99867e+21,SushiToken,SUSHI,18,138,205990,67100000233,165100,8593739,deprecated,3461182
260,11722901,2021-01-25 05:18:27,0x418d18144453aa71a96db3356411c2b3859da3032d46804c13479d592f0d954e,195,0xcc4bbbece4b0fd34b5f6e4b01ee7a7bf7f59308e039c7df9787a7c9b8fa9892f,0x6b4e746fa3c8fd5ec1861833c883360c11c4c5b3,0xc02aaa39b223fe8d0a0e5c4f27ead9083c756cc2,0x795065dcc9f64b5614c407a6efdc400da6221fb0,1.865660043256303e+19,Wrapped Ether,WETH,18,138,205990,67100000233,165100,8593739,deprecated,3461182
261,11722901,2021-01-25 05:18:27,0x418d18144453aa71a96db3356411c2b3859da3032d46804c13479d592f0d954e,195,0xcc4bbbece4b0fd34b5f6e4b01ee7a7bf7f59308e039c7df9787a7c9b8fa9892f,0x0000000000000000000000000000000000000000,0x795065dcc9f64b5614c407a6efdc400da6221fb0,0x6b4e746fa3c8fd5ec1861833c883360c11c4c5b3,2.0954223747045586e+20,SushiSwap LP Token,SLP,18,138,205990,67100000233,165100,8593739,deprecated,3461182
262,11723004,2021-01-25 05:40:54,0xa9425fa8ed401b4c09d32d7f165f77a986f09c10a076546a6a8b1ddd7aecd47e,196,0x81a47924436bd1475066290f5164dbce3a661c43a0e0cc25c223a5c85a201034,0x6b4e746fa3c8fd5ec1861833c883360c11c4c5b3,0x795065dcc9f64b5614c407a6efdc400da6221fb0,0xc2edad668740f1aa35e4d8f227fb8e17dca888cd,2.0954223747045586e+20,SushiSwap LP Token,SLP,18,186,170854,72000001459,73141,10913963,deprecated,3461079
263,12184037,2021-04-06 04:42:20,0xce97cc2898ea39742ec83f9605db2073845593a81c3c418f3e3051bba7947487,198,0xcad97eddf0e3d0aac1f9688d5f73e7b2c18f3532fddfe50c97581506caf1e838,0xcbe6b83e77cdc011cc18f6f0df8444e5783ed982,0x6b3595068778dd592e39a122f4f5a5cf09c90fe2,0x6b4e746fa3c8fd5ec1861833c883360c11c4c5b3,3.0050099534969323e+21,SushiToken,SUSHI,18,11,85918,100000001459,78108,1181485,deprecated,3000046
264,12184787,2021-04-06 07:35:15,0x240a17a9dd02437b9e2829182c3ab2772424b09cfd6d8b7d14147a8a92b9cdac,199,0x1c17c99b86704b5d72b6f36ea33ba5b31fd54788c58cfe363d36f3448f0c304b,0x6b4e746fa3c8fd5ec1861833c883360c11c4c5b3,0x6b3595068778dd592e39a122f4f5a5cf09c90fe2,0x9cac9f457630d900561f6887c72747402b73e611,3.0050099534969323e+21,SushiToken,SUSHI,18,170,60000,125000001459,36157,9132396,deprecated,2999296
265,12254734,2021-04-17 01:46:53,0x13c3d8ce30e4b268073e14b83c575c1738e162b3eb014a3032af18f7d584702f,200,0x8a9317a7e25612c2d9b9252e8a621c6af1335c162d29c00fbe1ca18f3f05f003,0xcbe6b83e77cdc011cc18f6f0df8444e5783ed982,0x6b3595068778dd592e39a122f4f5a5cf09c90fe2,0x6b4e746fa3c8fd5ec1861833c883360c11c4c5b3,3.239666679947193e+21,SushiToken,SUSHI,18,147,86792,110000001347,78902,11034389,deprecated,2929349
266,12255803,2021-04-17 05:45:09,0x0b5be90cc1808e6acf2a8f3d3119e830b6f71eb061e137b656844abc972711eb,201,0x6c9c2cfde6bcd73988ef8b0e68ed63ef8689c83ac54482829508e520fe6e65c9,0x6b4e746fa3c8fd5ec1861833c883360c11c4c5b3,0x6b3595068778dd592e39a122f4f5a5cf09c90fe2,0x9cac9f457630d900561f6887c72747402b73e611,3.239666679947193e+21,SushiToken,SUSHI,18,37,60000,102000001459,36657,2156605,deprecated,2928280
267,12303274,2021-04-24 13:44:06,0xbe482aa737eeb734147be3145462a02fd3529ecbbca76b609050f015c3ba68c7,202,0x1d82b5c83967426a5c21d63c623a3cafcae08c8ac8024ee92eabc36bf17c6b03,0xcbe6b83e77cdc011cc18f6f0df8444e5783ed982,0x6b3595068778dd592e39a122f4f5a5cf09c90fe2,0x6b4e746fa3c8fd5ec1861833c883360c11c4c5b3,3.271659655705904e+21,SushiToken,SUSHI,18,226,86825,59400000233,78932,9354689,deprecated,2880809
268,12348189,2021-05-01 12:06:04,0xee5c4a6bdd648cc51c7b29d51fbfe251a8deef17159b1b210a595c78ddb94382,203,0x09c2622ff274cd704daa2cb0203179739160699775cc9cc461410645cf9298d7,0xcbe6b83e77cdc011cc18f6f0df8444e5783ed982,0x6b3595068778dd592e39a122f4f5a5cf09c90fe2,0x6b4e746fa3c8fd5ec1861833c883360c11c4c5b3,3.3659665383216597e+21,SushiToken,SUSHI,18,190,68026,32000001561,61842,9809166,deprecated,2835894
269,12348205,2021-05-01 12:08:46,0xdac872d64e1728277884d24f5a8cd53afcde08ed35a77aae8e51a659c4f7fd6f,204,0x834c1d7306e25a316eaa5c3efebe3c8c684e28113ce1f19a3a3debdd5cf7ebdd,0x6b4e746fa3c8fd5ec1861833c883360c11c4c5b3,0x6b3595068778dd592e39a122f4f5a5cf09c90fe2,0x795065dcc9f64b5614c407a6efdc400da6221fb0,6.637626194027564e+21,SushiToken,SUSHI,18,56,223654,25000001347,162140,5017560,deprecated,2835878
270,12348205,2021-05-01 12:08:46,0xdac872d64e1728277884d24f5a8cd53afcde08ed35a77aae8e51a659c4f7fd6f,204,0x834c1d7306e25a316eaa5c3efebe3c8c684e28113ce1f19a3a3debdd5cf7ebdd,0x0000000000000000000000000000000000000000,0x795065dcc9f64b5614c407a6efdc400da6221fb0,0x6b4e746fa3c8fd5ec1861833c883360c11c4c5b3,4.0873020388083624e+20,SushiSwap LP Token,SLP,18,56,223654,25000001347,162140,5017560,deprecated,2835878
271,12348216,2021-05-01 12:11:13,0x93e5bb19ae41f2b3678fd42696ee5089d3a289a540196f8f060c2d873bbf96b0,205,0x1d03cf4a84675843ff479e8e7bd687d1627240cbba30f164e99ce0dc9766f726,0xc2edad668740f1aa35e4d8f227fb8e17dca888cd,0x6b3595068778dd592e39a122f4f5a5cf09c90fe2,0x6b4e746fa3c8fd5ec1861833c883360c11c4c5b3,4.269315271475652e+20,SushiToken,SUSHI,18,148,141774,26000001347,126774,12739856,deprecated,2835867
272,12348216,2021-05-01 12:11:13,0x93e5bb19ae41f2b3678fd42696ee5089d3a289a540196f8f060c2d873bbf96b0,205,0x1d03cf4a84675843ff479e8e7bd687d1627240cbba30f164e99ce0dc9766f726,0x6b4e746fa3c8fd5ec1861833c883360c11c4c5b3,0x795065dcc9f64b5614c407a6efdc400da6221fb0,0xc2edad668740f1aa35e4d8f227fb8e17dca888cd,4.0873020388083624e+20,SushiSwap LP Token,SLP,18,148,141774,26000001347,126774,12739856,deprecated,2835867
273,12381549,2021-05-06 15:31:26,0x8e266065ecfa489764068b71dfeaa26b3ed0a5e5373148cf9c407d29ea4cba58,210,0x55ff5f08c9379bd65b6ceabc5201b95a6c6946b115f955fb646cd220c22fdc2c,0xc2edad668740f1aa35e4d8f227fb8e17dca888cd,0x6b3595068778dd592e39a122f4f5a5cf09c90fe2,0x6b4e746fa3c8fd5ec1861833c883360c11c4c5b3,7.961503458582756e+19,SushiToken,SUSHI,18,209,139480,78000001459,109480,13419701,deprecated,2802534
274,12381549,2021-05-06 15:31:26,0x8e266065ecfa489764068b71dfeaa26b3ed0a5e5373148cf9c407d29ea4cba58,210,0x55ff5f08c9379bd65b6ceabc5201b95a6c6946b115f955fb646cd220c22fdc2c,0xc2edad668740f1aa35e4d8f227fb8e17dca888cd,0x795065dcc9f64b5614c407a6efdc400da6221fb0,0x6b4e746fa3c8fd5ec1861833c883360c11c4c5b3,6.18272441351292e+20,SushiSwap LP Token,SLP,18,209,139480,78000001459,109480,13419701,deprecated,2802534
275,12381563,2021-05-06 15:35:08,0x88a0d3d2e7b1dba3004f76a6ba30654e6173444646db2b49e0f97c8aebdfec80,211,0x958a2f4804b1cfb6d76ccc6e2b85887cd30b00d7b09b6194958cf5c1190d3498,0x6b4e746fa3c8fd5ec1861833c883360c11c4c5b3,0x795065dcc9f64b5614c407a6efdc400da6221fb0,0x795065dcc9f64b5614c407a6efdc400da6221fb0,6.18272441351292e+20,SushiSwap LP Token,SLP,18,59,300886,81000001459,174070,3159493,deprecated,2802520
276,12381563,2021-05-06 15:35:08,0x88a0d3d2e7b1dba3004f76a6ba30654e6173444646db2b49e0f97c8aebdfec80,211,0x958a2f4804b1cfb6d76ccc6e2b85887cd30b00d7b09b6194958cf5c1190d3498,0xd9e1ce17f2641f24ae83637ab66a2cca9c378b9f,0x6b3595068778dd592e39a122f4f5a5cf09c90fe2,0x6b4e746fa3c8fd5ec1861833c883360c11c4c5b3,1.0453256982994811e+22,SushiToken,SUSHI,18,59,300886,81000001459,174070,3159493,deprecated,2802520
277,12381592,2021-05-06 15:39:44,0x96e69bce0dd044bcf6fe14946701298c7ed85ddec0a6815e023328cc281d80ee,212,0x7e692871e8ae61f04cf430b44511550f06b97730648625e2d85179ea77eeaa0c,0x6b4e746fa3c8fd5ec1861833c883360c11c4c5b3,0x6b3595068778dd592e39a122f4f5a5cf09c90fe2,0x9cac9f457630d900561f6887c72747402b73e611,1.0959803544728204e+22,SushiToken,SUSHI,18,55,80000,74000001459,36693,5237987,deprecated,2802491
278,12394926,2021-05-08 17:09:28,0x557a1820813248fb55e23684b277e543c2625287a92a7594eba9cb24f2d19f9c,213,0xc9e1355997839a3f08cbca6b65907905db1f321efc588afef4facd356f001333,0xcbe6b83e77cdc011cc18f6f0df8444e5783ed982,0x6b3595068778dd592e39a122f4f5a5cf09c90fe2,0x6b4e746fa3c8fd5ec1861833c883360c11c4c5b3,3.0528822067049514e+21,SushiToken,SUSHI,18,311,86798,304000001459,78908,13788687,deprecated,2789157
279,12431414,2021-05-14 08:28:28,0x5eec25995edabc8aa999b586338a52e880056629444c67b8fba06309f41d4286,215,0x2656a59818cb1def19c85fcd41064a5574d35d980362bb8e96714b4d15cee44f,0x0000000000000000000000000000000000000000,0x8798249c2e607446efb7ad49ec89dd1865ff4272,0x6b4e746fa3c8fd5ec1861833c883360c11c4c5b3,2.672001552371396e+21,SushiBar,xSUSHI,18,185,78313,109000001347,63104,13052353,deprecated,2752669
280,12431414,2021-05-14 08:28:28,0x5eec25995edabc8aa999b586338a52e880056629444c67b8fba06309f41d4286,215,0x2656a59818cb1def19c85fcd41064a5574d35d980362bb8e96714b4d15cee44f,0x6b4e746fa3c8fd5ec1861833c883360c11c4c5b3,0x6b3595068778dd592e39a122f4f5a5cf09c90fe2,0x8798249c2e607446efb7ad49ec89dd1865ff4272,3.0528822067049514e+21,SushiToken,SUSHI,18,185,78313,109000001347,63104,13052353,deprecated,2752669
281,12433835,2021-05-14 17:18:26,0xc9e4781993d194d91e8e871706a6e5c2ee7f503185e360d3bf38314abddb81a4,216,0xd5d4ca20d0c89fcf0ca8bfb538aeda58e93df03581dc2e9392d0593777a3ed4d,0xcbe6b83e77cdc011cc18f6f0df8444e5783ed982,0x6b3595068778dd592e39a122f4f5a5cf09c90fe2,0x6b4e746fa3c8fd5ec1861833c883360c11c4c5b3,3.5061831394207256e+21,SushiToken,SUSHI,18,61,86834,117000001459,78940,3852886,deprecated,2750248
282,12433850,2021-05-14 17:22:01,0x4e999a6db185b9b2b39b9246097df3e21fa0f30d226fe35300d4627dcd31b3f1,217,0x3b5648e60657020cb3ee5bac0cc17c7bee6a784e5c79e4689b66df3d87c0f4b6,0x6b4e746fa3c8fd5ec1861833c883360c11c4c5b3,0x6b3595068778dd592e39a122f4f5a5cf09c90fe2,0x9cac9f457630d900561f6887c72747402b73e611,3.5061831394207256e+21,SushiToken,SUSHI,18,162,80000,117000001347,36657,14345477,deprecated,2750233
283,12459376,2021-05-18 16:07:53,0x5cc4297d7a5d6fb95095b88b4b83594a6fc6c6d1ae5b09be05cb546cf8b6977c,218,0xd5cfca43eac0a272f038edc5b8977e36b32aa472df7282b16169644159eb61f0,0x6b4e746fa3c8fd5ec1861833c883360c11c4c5b3,0x8798249c2e607446efb7ad49ec89dd1865ff4272,0x0000000000000000000000000000000000000000,2.672001552371396e+21,SushiBar,xSUSHI,18,93,71097,82000001347,55737,14745091,deprecated,2724707
284,12459376,2021-05-18 16:07:53,0x5cc4297d7a5d6fb95095b88b4b83594a6fc6c6d1ae5b09be05cb546cf8b6977c,218,0xd5cfca43eac0a272f038edc5b8977e36b32aa472df7282b16169644159eb61f0,0x8798249c2e607446efb7ad49ec89dd1865ff4272,0x6b3595068778dd592e39a122f4f5a5cf09c90fe2,0x6b4e746fa3c8fd5ec1861833c883360c11c4c5b3,3.058792810458309e+21,SushiToken,SUSHI,18,93,71097,82000001347,55737,14745091,deprecated,2724707
285,12459399,2021-05-18 16:12:26,0x35e43d09f246d162d2a4cff0c2d05a6bb91d50bf960a7b0f38a21f3be4f5effb,219,0x06794f698cd0fe89f82a6f0430ef2d34c40427b62470fdcbc08822a30ae4ee19,0x6b4e746fa3c8fd5ec1861833c883360c11c4c5b3,0x6b3595068778dd592e39a122f4f5a5cf09c90fe2,0x9cac9f457630d900561f6887c72747402b73e611,3.058792810458309e+21,SushiToken,SUSHI,18,86,80000,93000001459,36681,7083347,deprecated,2724684
286,12497056,2021-05-24 12:44:19,0xb276e768ead8c663708266d9f25dd18da8dd0ba63200bf4b1b75cc47130b464d,220,0xe98d26bc564193a378b13a41af3dd71ddcddca54253483b1fe532f1078fe211f,0xcbe6b83e77cdc011cc18f6f0df8444e5783ed982,0x6b3595068778dd592e39a122f4f5a5cf09c90fe2,0x6b4e746fa3c8fd5ec1861833c883360c11c4c5b3,3.348875890413943e+21,SushiToken,SUSHI,18,182,85914,66000001459,78104,11410085,deprecated,2687027
287,12540679,2021-05-31 07:02:52,0x0d50d2b9b901ba5058281040b738887aeae479aa0544b0c15ec836fcad831174,221,0xe0665c28e7125532b108e4876c466f9d617f30a85f19e7c775d7c94a263f3699,0xcbe6b83e77cdc011cc18f6f0df8444e5783ed982,0x6b3595068778dd592e39a122f4f5a5cf09c90fe2,0x6b4e746fa3c8fd5ec1861833c883360c11c4c5b3,2.5854415222475215e+21,SushiToken,SUSHI,18,233,67975,19000001459,61796,14517300,deprecated,2643404
288,12632443,2021-06-14 12:00:51,0xfddb39091f4b690ace9276e19f77ca58aba43f42051dee23da4737033d328092,222,0x0af4ee854e78e42140dc36dd27d7fd8eaaf2e0e01115e31888e93b1b3a6ee84e,0xcbe6b83e77cdc011cc18f6f0df8444e5783ed982,0x6b3595068778dd592e39a122f4f5a5cf09c90fe2,0x6b4e746fa3c8fd5ec1861833c883360c11c4c5b3,4.925953734547828e+21,SushiToken,SUSHI,18,51,67982,10000001459,61802,4357103,deprecated,2551640
289,12632446,2021-06-14 12:01:51,0xf0a7d71679a0d26eb3dca69b46baf3b5a8689277a078ea3907f5fc1d34c4516d,223,0xb726407a10717d80f589472716830aa5bc7eafcf8ce0dbbe47a633c4b73f4d33,0x0000000000000000000000000000000000000000,0x8798249c2e607446efb7ad49ec89dd1865ff4272,0x6b4e746fa3c8fd5ec1861833c883360c11c4c5b3,9.349317851476154e+21,SushiBar,xSUSHI,18,126,78325,11000001459,63116,10770111,deprecated,2551637
290,12632446,2021-06-14 12:01:51,0xf0a7d71679a0d26eb3dca69b46baf3b5a8689277a078ea3907f5fc1d34c4516d,223,0xb726407a10717d80f589472716830aa5bc7eafcf8ce0dbbe47a633c4b73f4d33,0x6b4e746fa3c8fd5ec1861833c883360c11c4c5b3,0x6b3595068778dd592e39a122f4f5a5cf09c90fe2,0x8798249c2e607446efb7ad49ec89dd1865ff4272,1.0860271147209292e+22,SushiToken,SUSHI,18,126,78325,11000001459,63116,10770111,deprecated,2551637
291,12719491,2021-06-28 01:06:15,0x71e40fa74094d3459dc0d564daedf5775842034846b3abf1339950e44ef11e2b,224,0x065048272fedb1cfc4b81117e88465e45e8b1b75a78a74d3789baf9aafb3e373,0xcbe6b83e77cdc011cc18f6f0df8444e5783ed982,0x6b3595068778dd592e39a122f4f5a5cf09c90fe2,0x6b4e746fa3c8fd5ec1861833c883360c11c4c5b3,2.762639252876826e+21,SushiToken,SUSHI,18,36,87689,12000001459,79718,4324400,deprecated,2464592
292,12762029,2021-07-04 16:09:12,0x375030eecffa2654d9e167f05c3eddf5288f16cae443df084fe162847f492939,225,0xf0b5ea273420c70dac258b3fa1d31907d9c428d768fa69d3bc38358f1f737c7f,0xcbe6b83e77cdc011cc18f6f0df8444e5783ed982,0x6b3595068778dd592e39a122f4f5a5cf09c90fe2,0x6b4e746fa3c8fd5ec1861833c883360c11c4c5b3,1.233173631883401e+21,SushiToken,SUSHI,18,51,68910,13000001459,62646,3620383,deprecated,2422054
293,12762038,2021-07-04 16:10:53,0xfc4038f66420b1cc46aea0bab043e77c1a9adfbecceca598edb4bd66df493d02,226,0x98a45f4a8857f60d5239c87b2b75d03ac685cda9d7765104737ee0214d5ffaf2,0x0000000000000000000000000000000000000000,0x8798249c2e607446efb7ad49ec89dd1865ff4272,0x6b4e746fa3c8fd5ec1861833c883360c11c4c5b3,3.4265888253460905e+21,SushiBar,xSUSHI,18,133,61213,13000001459,46004,9062918,deprecated,2422045
294,12762038,2021-07-04 16:10:53,0xfc4038f66420b1cc46aea0bab043e77c1a9adfbecceca598edb4bd66df493d02,226,0x98a45f4a8857f60d5239c87b2b75d03ac685cda9d7765104737ee0214d5ffaf2,0x6b4e746fa3c8fd5ec1861833c883360c11c4c5b3,0x6b3595068778dd592e39a122f4f5a5cf09c90fe2,0x8798249c2e607446efb7ad49ec89dd1865ff4272,3.995812884760227e+21,SushiToken,SUSHI,18,133,61213,13000001459,46004,9062918,deprecated,2422045
295,12796698,2021-07-10 01:31:17,0xad2f7c91129b91167cdeeb1af1d6d8138335a3d037cf57f301bdda885a78c1c4,227,0x08394e093f8e16aca9b672a4c27b45b497fd61ed17886d52dbc97fe3c78d194b,0xcbe6b83e77cdc011cc18f6f0df8444e5783ed982,0x6b3595068778dd592e39a122f4f5a5cf09c90fe2,0x6b4e746fa3c8fd5ec1861833c883360c11c4c5b3,1.8188527090306014e+21,SushiToken,SUSHI,18,122,93736,11000001459,78114,11098785,deprecated,2387385
296,12796715,2021-07-10 01:35:28,0x8bf9b183da4bd65386c1993848142d4113a18649b229d01b34e4fd02093b68c9,228,0x376905d115c2e47e338c457152de2e8281758e56c9c81274536d70e24faac5d3,0x0000000000000000000000000000000000000000,0x8798249c2e607446efb7ad49ec89dd1865ff4272,0x6b4e746fa3c8fd5ec1861833c883360c11c4c5b3,1.5587657727093472e+21,SushiBar,xSUSHI,18,169,61213,12000001459,46004,14243726,deprecated,2387368
297,12796715,2021-07-10 01:35:28,0x8bf9b183da4bd65386c1993848142d4113a18649b229d01b34e4fd02093b68c9,228,0x376905d115c2e47e338c457152de2e8281758e56c9c81274536d70e24faac5d3,0x6b4e746fa3c8fd5ec1861833c883360c11c4c5b3,0x6b3595068778dd592e39a122f4f5a5cf09c90fe2,0x8798249c2e607446efb7ad49ec89dd1865ff4272,1.8188527090306014e+21,SushiToken,SUSHI,18,169,61213,12000001459,46004,14243726,deprecated,2387368
298,12848032,2021-07-18 02:42:34,0xd836af51a1ef1e66d39d244ad5be086e5d2708164235b3d9eb813a4599e8f497,229,0xfdd405487426d8c857b58c70392f26efd595a520717b42515a638a87c4de9f20,0xcbe6b83e77cdc011cc18f6f0df8444e5783ed982,0x6b3595068778dd592e39a122f4f5a5cf09c90fe2,0x6b4e746fa3c8fd5ec1861833c883360c11c4c5b3,1.7564921590242303e+21,SushiToken,SUSHI,18,74,95714,28000001459,79762,7473905,deprecated,2336051
299,12848067,2021-07-18 02:49:41,0x4ca1f81c53e5967b3a864c7c7505fd683e9cd13fa7be932db54b97f6535b3b57,230,0x69e3952878ade5568a4140640ecf5e8cfba82c884a6f2051a3f6b27a924af8ea,0x0000000000000000000000000000000000000000,0x8798249c2e607446efb7ad49ec89dd1865ff4272,0x6b4e746fa3c8fd5ec1861833c883360c11c4c5b3,1.5035416402853482e+21,SushiBar,xSUSHI,18,159,61213,23000001459,46004,11364314,deprecated,2336016
300,12848067,2021-07-18 02:49:41,0x4ca1f81c53e5967b3a864c7c7505fd683e9cd13fa7be932db54b97f6535b3b57,230,0x69e3952878ade5568a4140640ecf5e8cfba82c884a6f2051a3f6b27a924af8ea,0x6b4e746fa3c8fd5ec1861833c883360c11c4c5b3,0x6b3595068778dd592e39a122f4f5a5cf09c90fe2,0x8798249c2e607446efb7ad49ec89dd1865ff4272,1.7564921590242303e+21,SushiToken,SUSHI,18,159,61213,23000001459,46004,11364314,deprecated,2336016
301,12936617,2021-08-01 01:00:58,0xe751c7d91943b1b6ad8d760a1f55d2e80aa093a8a535ea5c54c0ed22a69aff6c,231,0x52a6f0113aa99500077f398c4ac9c91b8133a802ed8a6ff8dc83bc796829b413,0xcbe6b83e77cdc011cc18f6f0df8444e5783ed982,0x6b3595068778dd592e39a122f4f5a5cf09c90fe2,0x6b4e746fa3c8fd5ec1861833c883360c11c4c5b3,1.7443200777976454e+21,SushiToken,SUSHI,18,156,95676,24000001459,79730,12172515,deprecated,2247466
302,13242783,2021-09-17 10:54:13,0x653cd10fc0cd01fd3bfb04d003d70748cd234a6a1a6035de5410a07261517bf6,24,0xe4eea88a7f2b00dc951448229edecabe1a180caa337ae7eab1683d05fe7351f9,0x2ceee24f8d03fc25648c68c8e6569aa0512f6ac3,0x2ceee24f8d03fc25648c68c8e6569aa0512f6ac3,0x6b4e746fa3c8fd5ec1861833c883360c11c4c5b3,298131000000000.0,ABCHANGE.io,XCH,9,41,15000000,42614143190,5712532,8628142,deprecated,1941300
303,13696555,2021-11-27 14:25:30,0x6f175c7d7d37ffb92fb5912103e0291fe72d5726fb8f0b196aae7b8322e07365,232,0x5c959abde68036a4854bfffd38791db50123be200087648523621b97d49db891,0xc18360217d8f7ab5e7c516566761ea12ce7f9d72,0xc18360217d8f7ab5e7c516566761ea12ce7f9d72,0x6b4e746fa3c8fd5ec1861833c883360c11c4c5b3,1.4983511024026616e+20,Ethereum Name Service,ENS,18,106,210000,106352183929,166044,5656128,deprecated,1487528
304,13725577,2021-12-02 05:38:55,0x328654f8712be479ab554793e4ef7eec7414181dcc5da6bf248e9e4e423709e6,46,0xa65ce23842ca3c83a232c82a043df090f50dc5ee92ffa66e6fbd449854932ab6,0x1412eca9dc7daef60451e3155bb8dbf9da349933,0x1412eca9dc7daef60451e3155bb8dbf9da349933,0x6b4e746fa3c8fd5ec1861833c883360c11c4c5b3,9.398928e+22,A68.net,A68.net,18,29,1465542,89775613370,1332311,6317943,deprecated,1458506
305,13775072,2021-12-10 03:52:46,0x7a37ecc13d3d2cda21998a16388433b7d3a4062807ac39cc08055a641f00d3c0,233,0xdabe98af0e2e1e0e9b6a9af262b86fc3b26a8b0d3a9b4ace418ba3227816167a,0xcbe6b83e77cdc011cc18f6f0df8444e5783ed982,0x6b3595068778dd592e39a122f4f5a5cf09c90fe2,0x6b4e746fa3c8fd5ec1861833c883360c11c4c5b3,4.726204306003929e+20,SushiToken,SUSHI,18,176,75180,79579124123,62650,9993737,deprecated,1409011
306,13775401,2021-12-10 05:06:52,0x48855219501bc35a4f125be13e87da70711606adf4802c07a5cf92b3d753283c,234,0x92d7d32c35b85c588a576efe4fc0b1759a46e7ea66bd009baf5d8f169a5aad78,0x6b4e746fa3c8fd5ec1861833c883360c11c4c5b3,0x8798249c2e607446efb7ad49ec89dd1865ff4272,0x0000000000000000000000000000000000000000,1.583821408981694e+22,SushiBar,xSUSHI,18,610,53738,56261729448,48849,27998882,deprecated,1408682
307,13775401,2021-12-10 05:06:52,0x48855219501bc35a4f125be13e87da70711606adf4802c07a5cf92b3d753283c,234,0x92d7d32c35b85c588a576efe4fc0b1759a46e7ea66bd009baf5d8f169a5aad78,0x8798249c2e607446efb7ad49ec89dd1865ff4272,0x6b3595068778dd592e39a122f4f5a5cf09c90fe2,0x6b4e746fa3c8fd5ec1861833c883360c11c4c5b3,1.9228941475919277e+22,SushiToken,SUSHI,18,610,53738,56261729448,48849,27998882,deprecated,1408682
