,blockNumber,timeStamp,hash,nonce,blockHash,from,contractAddress,to,value,tokenName,tokenSymbol,tokenDecimal,transactionIndex,gas,gasPrice,gasUsed,cumulativeGasUsed,input,confirmations
0,10782828,2020-09-02 16:12:30,0xe5167148404272484e7b07d34ed5ed3ff595813627f14bd707288b51554b9568,1,0xdb3b4ddfbca3d7075ed4373af2f79980176f9dc76746e06ab53650df75371022,0x9cc0cffcd643315ff561fbaed462a611775a10ed,0x420ab548b18911717ed7c4ccbf46371ea758458c,0xaf4a2bb6ecc05a311a5eb3023133ff503e2b4e40,7.153928281955263e+20,NOODLE.Finance,NOODLE,18,62,151440,500000000000,112297,4385779,deprecated,4401194
1,10782891,2020-09-02 16:25:43,0xc320b799cfe360a36adefdf6c4f7cb1de0d30bd8ba61df11e1836cec78e20140,3,0x9076c64c1c4a816201ae114d851e7f21d70b398ca30965d5602b0e6fecdf1dfc,0xaf4a2bb6ecc05a311a5eb3023133ff503e2b4e40,0x420ab548b18911717ed7c4ccbf46371ea758458c,0x9cc0cffcd643315ff561fbaed462a611775a10ed,6.115480310900739e+20,NOODLE.Finance,NOODLE,18,124,187232,500000000000,156729,8394202,deprecated,4401131
2,10782891,2020-09-02 16:25:43,0xc320b799cfe360a36adefdf6c4f7cb1de0d30bd8ba61df11e1836cec78e20140,3,0x9076c64c1c4a816201ae114d851e7f21d70b398ca30965d5602b0e6fecdf1dfc,0x0000000000000000000000000000000000000000,0x9cc0cffcd643315ff561fbaed462a611775a10ed,0xaf4a2bb6ecc05a311a5eb3023133ff503e2b4e40,4.909830689172887e+19,Uniswap V2,UNI-V2,18,124,187232,500000000000,156729,8394202,deprecated,4401131
3,10782912,2020-09-02 16:30:03,0x806b3fd89a83949f5d901b53570e999451b3becb7e2086cb352d3ff0f795125d,5,0x098c8f0ead41191b4ddeb6d82683ba6b5aa1c20ff00bea808914a47b88e04f52,0xaf4a2bb6ecc05a311a5eb3023133ff503e2b4e40,0x9cc0cffcd643315ff561fbaed462a611775a10ed,0xc2ee3304e1029bb79a6da41113aa0452481ec59a,4.909830689172787e+19,Uniswap V2,UNI-V2,18,125,212818,500000000000,91290,10065782,deprecated,4401110
4,10783281,2020-09-02 17:45:12,0x1fa4cec8b46349c8449a4b1e14cb449bec21ce94ce0e2a03a3f229ac4967ae03,8,0xf258f395585cc27c913e6a9fd14a4961262ea971e976f2ee33a6b5e52ba4c5a4,0xc2ee3304e1029bb79a6da41113aa0452481ec59a,0x420ab548b18911717ed7c4ccbf46371ea758458c,0xaf4a2bb6ecc05a311a5eb3023133ff503e2b4e40,1.705545394502975e+20,NOODLE.Finance,NOODLE,18,76,108264,482000000000,72176,6260798,deprecated,4400741
5,10783281,2020-09-02 17:45:12,0x1fa4cec8b46349c8449a4b1e14cb449bec21ce94ce0e2a03a3f229ac4967ae03,8,0xf258f395585cc27c913e6a9fd14a4961262ea971e976f2ee33a6b5e52ba4c5a4,0xaf4a2bb6ecc05a311a5eb3023133ff503e2b4e40,0x9cc0cffcd643315ff561fbaed462a611775a10ed,0xc2ee3304e1029bb79a6da41113aa0452481ec59a,0.0,Uniswap V2,UNI-V2,18,76,108264,482000000000,72176,6260798,deprecated,4400741
6,10783293,2020-09-02 17:48:16,0x7ef3cf8befaaec00ee846e8011971c0ae6c758116fc38a7c9ebc5c75b9c0043b,10,0x19cdad3dd8758cfe5691b01934eacc55e8311c8a194971b7a6407439e3eff42e,0xc2ee3304e1029bb79a6da41113aa0452481ec59a,0x420ab548b18911717ed7c4ccbf46371ea758458c,0xaf4a2bb6ecc05a311a5eb3023133ff503e2b4e40,7.040592533187497e+18,NOODLE.Finance,NOODLE,18,114,125841,482000000000,53894,9108536,deprecated,4400729
7,10783293,2020-09-02 17:48:16,0x7ef3cf8befaaec00ee846e8011971c0ae6c758116fc38a7c9ebc5c75b9c0043b,10,0x19cdad3dd8758cfe5691b01934eacc55e8311c8a194971b7a6407439e3eff42e,0xc2ee3304e1029bb79a6da41113aa0452481ec59a,0x9cc0cffcd643315ff561fbaed462a611775a10ed,0xaf4a2bb6ecc05a311a5eb3023133ff503e2b4e40,4.909830689172787e+19,Uniswap V2,UNI-V2,18,114,125841,482000000000,53894,9108536,deprecated,4400729
8,10783354,2020-09-02 18:00:38,0x0e8279723a0429264a8cf4ec9a12a48f47ced7abe8588a046c374bbf7cee96ef,12,0x9a968673d21ce906a8f46023bc8c4e1d8398b0a22a44f943bcf274a4d7dfcd00,0xaf4a2bb6ecc05a311a5eb3023133ff503e2b4e40,0x9cc0cffcd643315ff561fbaed462a611775a10ed,0x9cc0cffcd643315ff561fbaed462a611775a10ed,4.909830689172887e+19,Uniswap V2,UNI-V2,18,169,283246,433000000000,159434,12319082,deprecated,4400668
9,10783354,2020-09-02 18:00:38,0x0e8279723a0429264a8cf4ec9a12a48f47ced7abe8588a046c374bbf7cee96ef,12,0x9a968673d21ce906a8f46023bc8c4e1d8398b0a22a44f943bcf274a4d7dfcd00,0x7a250d5630b4cf539739df2c5dacb4c659f2488d,0x420ab548b18911717ed7c4ccbf46371ea758458c,0xaf4a2bb6ecc05a311a5eb3023133ff503e2b4e40,1.3066960921490526e+21,NOODLE.Finance,NOODLE,18,169,283246,433000000000,159434,12319082,deprecated,4400668
10,10783386,2020-09-02 18:07:38,0xcbbdc1e56200418e3422535899b57a3dcf5ee0f6569c4ef6fb8d162cc97854b2,13,0xf34f8cb8d61f051952180874c1dfa30d88834b21de01bd13218a1aacdd713948,0xaf4a2bb6ecc05a311a5eb3023133ff503e2b4e40,0x420ab548b18911717ed7c4ccbf46371ea758458c,0x9cc0cffcd643315ff561fbaed462a611775a10ed,1.58813602123799e+21,NOODLE.Finance,NOODLE,18,32,154858,433000000000,100498,2682602,deprecated,4400636
11,10908509,2020-09-21 22:19:56,0xba8e67bae1816bb59351440fb360c039c34688a900cf467336f543e59d985ea0,17,0xd9106ac6d985dd6d48d3eafe27a0db487a4445a1cfd24d13c17b56319fbbd956,0xe3d5291a2e4c1766ecf060f354d2ce38add96914,0x81313f7c5c9c824236c9e4cba3ac4b049986e756,0xaf4a2bb6ecc05a311a5eb3023133ff503e2b4e40,5.980636024381679e+19,HippoFinance,HIPPO,18,143,151409,90000000000,124285,12419163,deprecated,4275513
12,10908510,2020-09-21 22:20:01,0x1d78c59ad018c54d1ef7edbb9b0c700652b46f9b49782ba7422fbac686a44f66,18,0x8b60cf8066737b1fc5c2f6c4ecdb1a0247185342adc64046858fe812efb6fa68,0xe3d5291a2e4c1766ecf060f354d2ce38add96914,0x81313f7c5c9c824236c9e4cba3ac4b049986e756,0xaf4a2bb6ecc05a311a5eb3023133ff503e2b4e40,6.075510664011483e+19,HippoFinance,HIPPO,18,150,164837,91000000000,97269,12076150,deprecated,4275512
13,10908538,2020-09-21 22:28:38,0xefee93677fb60a96d2583db25d5e0107f6c6353fe32b690f998c4d8aff2fc4bb,20,0xf3caa0150960a716afe0cb28fa0269f729a38c3abe4ed82803cac6679d8e6c0e,0xe3d5291a2e4c1766ecf060f354d2ce38add96914,0x81313f7c5c9c824236c9e4cba3ac4b049986e756,0xaf4a2bb6ecc05a311a5eb3023133ff503e2b4e40,5.37051444145474e+19,HippoFinance,HIPPO,18,82,148075,91000000000,109285,7780360,deprecated,4275484
14,10908553,2020-09-21 22:31:08,0x77690fc600e95ac07afcf5a4ffdc335b0382d2e902ebd338baa98c49760cce12,22,0x56ed37d1c38c8e180117382beff91ba806709bca8365cc4f7385650bad49bfbf,0xe3d5291a2e4c1766ecf060f354d2ce38add96914,0x81313f7c5c9c824236c9e4cba3ac4b049986e756,0xaf4a2bb6ecc05a311a5eb3023133ff503e2b4e40,5.170819260033201e+19,HippoFinance,HIPPO,18,10,148075,200000000000,109285,1008491,deprecated,4275469
15,10908598,2020-09-21 22:41:56,0x1dbf51d53b5e7690fddc697ac716ba0ea4f178ad245e5a90cf803944a8579d6e,25,0x96d83ac390af439c707d229e5d5dc159e16c80671866fd1339234e4ca75b0b04,0xe3d5291a2e4c1766ecf060f354d2ce38add96914,0x81313f7c5c9c824236c9e4cba3ac4b049986e756,0xaf4a2bb6ecc05a311a5eb3023133ff503e2b4e40,2.340391237169476e+20,HippoFinance,HIPPO,18,86,148075,91000000000,97269,4962132,deprecated,4275424
16,10908616,2020-09-21 22:44:13,0xde213aa04a20d5da2a9fc8d25792343c337ba2f9490c83f00e3ce4598d5c8da9,27,0xedd887c00ecf5d19f31f88a64d11655e3c78e4878186c61a5766a5872ecc837b,0xe3d5291a2e4c1766ecf060f354d2ce38add96914,0x81313f7c5c9c824236c9e4cba3ac4b049986e756,0xaf4a2bb6ecc05a311a5eb3023133ff503e2b4e40,2.1621159097432287e+20,HippoFinance,HIPPO,18,64,148075,77440000000,109285,5272723,deprecated,4275406
17,10908653,2020-09-21 22:52:43,0xa4aa3c4a81e1b83af681e95bfb1d3ba0631dbc5990dc7fbef35707f320d22ff9,29,0xd626d637e6c6c4a73fa540670eec681be52a7e4febeb181f7b6e56ba617c7103,0xe3d5291a2e4c1766ecf060f354d2ce38add96914,0x81313f7c5c9c824236c9e4cba3ac4b049986e756,0xaf4a2bb6ecc05a311a5eb3023133ff503e2b4e40,1.9983151209219916e+20,HippoFinance,HIPPO,18,86,134647,80000000000,109285,4106037,deprecated,4275369
18,10908668,2020-09-21 22:56:25,0x5e6efe06eea8b35729dc74e68cb82bf89d0227cd847039f786f1346fa6bb12a0,32,0x25b9deeed854088bc983810b9cc8eed553d5ee1390113b6be252fa65f78213ee,0xaf4a2bb6ecc05a311a5eb3023133ff503e2b4e40,0x81313f7c5c9c824236c9e4cba3ac4b049986e756,0xe3d5291a2e4c1766ecf060f354d2ce38add96914,8.760570306822807e+20,HippoFinance,HIPPO,18,133,168039,93000000000,100465,10129269,deprecated,4275354
19,10909065,2020-09-22 00:26:14,0xbf46b4495383e0b4c8e6354f44cb2a847dae865a86a1060321bb74a412b2d081,34,0xa02f81f8483a80f2e57dd84e2d2bc4dd2107019b179bfe65ffc2bae2739a54dc,0xe3d5291a2e4c1766ecf060f354d2ce38add96914,0x81313f7c5c9c824236c9e4cba3ac4b049986e756,0xaf4a2bb6ecc05a311a5eb3023133ff503e2b4e40,1.6838046796987004e+20,HippoFinance,HIPPO,18,83,164837,88000000000,112269,8701196,deprecated,4274957
20,10909104,2020-09-22 00:34:59,0xbdd0d21969b9890399608c62b110cc4306e52b90441e0b95d55caee3889d815f,36,0x18c481fe5e197b521f1a5e85df47c7b70655a3936c4188f938e6ba036d1051f5,0xaf4a2bb6ecc05a311a5eb3023133ff503e2b4e40,0x81313f7c5c9c824236c9e4cba3ac4b049986e756,0xe3d5291a2e4c1766ecf060f354d2ce38add96914,1.6838046796987004e+20,HippoFinance,HIPPO,18,100,168026,88000000000,112469,11221877,deprecated,4274918
21,10910190,2020-09-22 04:40:27,0x66ef16fa6c03d7753246e6cf8d12098d23ac645c5f11e50f74bf28af1c8b1e01,38,0xd0738ccbec82f38a932894ec786ccaca400aaa3ebf756a777a907d25d741d012,0xe3d5291a2e4c1766ecf060f354d2ce38add96914,0x81313f7c5c9c824236c9e4cba3ac4b049986e756,0xaf4a2bb6ecc05a311a5eb3023133ff503e2b4e40,2.0898564425412523e+20,HippoFinance,HIPPO,18,142,164837,79008000000,124285,9864578,deprecated,4273832
22,10910213,2020-09-22 04:45:10,0xb215a4e89551016a248041a50b3b351c25d9da32e427b2b90944820df03728c7,39,0x9d845885aed2d52bc0a4b549421d5deb75b6bbd41cb75a345e2bb3da0dde4810,0xe3d5291a2e4c1766ecf060f354d2ce38add96914,0x81313f7c5c9c824236c9e4cba3ac4b049986e756,0xaf4a2bb6ecc05a311a5eb3023133ff503e2b4e40,1.953478833849919e+20,HippoFinance,HIPPO,18,128,148075,80000000000,109285,8113785,deprecated,4273809
23,10910236,2020-09-22 04:48:59,0x878d13cb9680f053a6055008a46327883396f087320575f492772b402f0d0316,40,0xa2ef0b59f4ea491dfaab107b69012e17e60e375cf255969f49851ef26d0a6819,0xe3d5291a2e4c1766ecf060f354d2ce38add96914,0x81313f7c5c9c824236c9e4cba3ac4b049986e756,0xaf4a2bb6ecc05a311a5eb3023133ff503e2b4e40,1.9033256580778856e+20,HippoFinance,HIPPO,18,128,148075,64000001459,97269,12271617,deprecated,4273786
24,10910276,2020-09-22 04:57:15,0x803a94831a503ceff240d8da77bd2aed67c2d3b4f6ba21c6a0dae928c984e8ec,41,0x17cbdca31c5456605fec5c9b906266a5a693d973bfcb2aad3e84c348045a3da4,0xe3d5291a2e4c1766ecf060f354d2ce38add96914,0x81313f7c5c9c824236c9e4cba3ac4b049986e756,0xaf4a2bb6ecc05a311a5eb3023133ff503e2b4e40,1.865473737371652e+20,HippoFinance,HIPPO,18,74,134647,70000000000,109285,11356787,deprecated,4273746
25,10910294,2020-09-22 05:00:44,0xb5b9d7a51a97114b687a43e433eb805b829fc0107507367e1b33ca017c6b0a6d,42,0xaa8af2af51a00ad249ffb694a615dcaf05ff3773ece0ea00777239a0033e9826,0xaf4a2bb6ecc05a311a5eb3023133ff503e2b4e40,0x81313f7c5c9c824236c9e4cba3ac4b049986e756,0xe3d5291a2e4c1766ecf060f354d2ce38add96914,7.812134671840709e+20,HippoFinance,HIPPO,18,84,168039,70000000000,112481,9905101,deprecated,4273728
26,10910878,2020-09-22 07:04:43,0x2242b49718d72b9bcb4ba9ac673479b441d15b3f1558074c0e720e7b3e407eb3,43,0xc9237abe53b6170f122f76e586e9115fd195dffbc006a829c3bd19723ef85556,0xe3d5291a2e4c1766ecf060f354d2ce38add96914,0x81313f7c5c9c824236c9e4cba3ac4b049986e756,0xaf4a2bb6ecc05a311a5eb3023133ff503e2b4e40,1.972765931963726e+20,HippoFinance,HIPPO,18,101,164837,91000000000,124285,7048156,deprecated,4273144
27,10910905,2020-09-22 07:10:18,0x63b70383b5554a68f3117cc12fb52392b5858da87d9a30f963a1e81fd65fee9a,44,0x7ef286743bd9993453ab98323f3c3533e7c574da78a5742b964f4f51fce0c5ae,0xe3d5291a2e4c1766ecf060f354d2ce38add96914,0x81313f7c5c9c824236c9e4cba3ac4b049986e756,0xaf4a2bb6ecc05a311a5eb3023133ff503e2b4e40,1.914239840578123e+20,HippoFinance,HIPPO,18,176,148075,92000000000,109285,10535633,deprecated,4273117
28,10910937,2020-09-22 07:16:56,0x3d8dec38a599d4667a05a3e4617db1648323b82acd231811198a4d3dae45e421,45,0x1f4306463bb796d666e4d2f83ab4c846c8582fd211e14e1e6e2ff3a068e1b0e4,0xe3d5291a2e4c1766ecf060f354d2ce38add96914,0x81313f7c5c9c824236c9e4cba3ac4b049986e756,0xaf4a2bb6ecc05a311a5eb3023133ff503e2b4e40,1.8649348619136483e+20,HippoFinance,HIPPO,18,159,148075,92000000000,109285,12302161,deprecated,4273085
29,10911482,2020-09-22 09:17:38,0xd7c0eab8a27cf10f176d1e8650a9412ff96e73f26054110f055f1ade85e7c1af,50,0x4ffd13d8d2a88266caa3b22f8362d7fd1eb9aca73bfff13987bfcccb099a777d,0xe3d5291a2e4c1766ecf060f354d2ce38add96914,0x81313f7c5c9c824236c9e4cba3ac4b049986e756,0xaf4a2bb6ecc05a311a5eb3023133ff503e2b4e40,1.7380290108181683e+20,HippoFinance,HIPPO,18,290,148075,180000000000,109285,11636012,deprecated,4272540
30,10911536,2020-09-22 09:29:52,0xa8b01d5cbf6af33b37ecc0581b465267805195d93ec7e38b969c0cb317c61b7f,51,0x7660f58b35198e44a64d67b65303dc8eff77225a50eba460e72e7bae2165b7ea,0xaf4a2bb6ecc05a311a5eb3023133ff503e2b4e40,0x81313f7c5c9c824236c9e4cba3ac4b049986e756,0xe3d5291a2e4c1766ecf060f354d2ce38add96914,7.489969645273666e+20,HippoFinance,HIPPO,18,35,168039,181000000000,112481,2364282,deprecated,4272486
31,10911850,2020-09-22 10:47:31,0x28e30e65564ff97600f97cfe315a805b56c985a29f5645cc6665bd7ccc362395,52,0x87b78429c4ecf02fef12766e8b5af3c12ffd5599af01b3e8bceafbc027ab3941,0xe3d5291a2e4c1766ecf060f354d2ce38add96914,0x81313f7c5c9c824236c9e4cba3ac4b049986e756,0xaf4a2bb6ecc05a311a5eb3023133ff503e2b4e40,4.655488813022047e+19,HippoFinance,HIPPO,18,77,164837,204000000000,112269,12456881,deprecated,4272172
32,10911860,2020-09-22 10:49:48,0xf0a99624aa5d2291abebc60f387cc658293442991d2f64df9e795b6680159597,53,0xf0bbcecd71caffc2fb3dee61a016af07d9f9632a2bd8ac82ed28d1f04b662f3c,0xe3d5291a2e4c1766ecf060f354d2ce38add96914,0x81313f7c5c9c824236c9e4cba3ac4b049986e756,0xaf4a2bb6ecc05a311a5eb3023133ff503e2b4e40,1.8545926729644324e+20,HippoFinance,HIPPO,18,18,148075,204000000000,109285,1473224,deprecated,4272162
33,10911876,2020-09-22 10:52:27,0x7a961424917daa49cd882159602da198dd06baea07be43f49d50d14ff1efa46b,54,0xc1c2fc94515fd7d0913f94a7bd69e306e811aa2b7bffda24fde1dbf3f3d15394,0xe3d5291a2e4c1766ecf060f354d2ce38add96914,0x81313f7c5c9c824236c9e4cba3ac4b049986e756,0xaf4a2bb6ecc05a311a5eb3023133ff503e2b4e40,2.2908515000278093e+20,HippoFinance,HIPPO,18,91,148075,194000000000,109285,6582838,deprecated,4272146
34,10911893,2020-09-22 10:56:49,0xfe724d408b290a5c695967807603cd2830c5e5e4f575c9f7b5138cb2e2a04702,55,0x24311419e940b85a8bade0b219c8b44b4fc3ff402116d6fedae9b95826e5c47a,0xe3d5291a2e4c1766ecf060f354d2ce38add96914,0x81313f7c5c9c824236c9e4cba3ac4b049986e756,0xaf4a2bb6ecc05a311a5eb3023133ff503e2b4e40,2.2711980760222604e+20,HippoFinance,HIPPO,18,200,148075,161700000000,97269,10230185,deprecated,4272129
35,10911929,2020-09-22 11:05:52,0x9b26e3a166b6834791ed8b2743bb12f406c85165b475840b5dc51357c618dff3,56,0xa558f060c4611827f623706ceff35a21daa26f4189003a09a7375ead3b1a3c1f,0xaf4a2bb6ecc05a311a5eb3023133ff503e2b4e40,0x81313f7c5c9c824236c9e4cba3ac4b049986e756,0xe3d5291a2e4c1766ecf060f354d2ce38add96914,6.882191130316707e+20,HippoFinance,HIPPO,18,151,154808,212000000000,100453,8133628,deprecated,4272093
36,10912287,2020-09-22 12:27:49,0x8120bb41331c83d9c8445a296ae4fe6196d9cf74efad5f561a55307bd694cf38,65,0x5e263754530117c48ea794bded6379bb3442b915c4fa783310c5960d12407955,0xe3d5291a2e4c1766ecf060f354d2ce38add96914,0x81313f7c5c9c824236c9e4cba3ac4b049986e756,0xaf4a2bb6ecc05a311a5eb3023133ff503e2b4e40,8.495049541056429e+20,HippoFinance,HIPPO,18,59,151409,163000000000,124285,3583723,deprecated,4271735
37,10912587,2020-09-22 13:33:13,0x253839fef1096652fbe7e6be1aa4cc5bddcdbf0905617d94ba5108c94b65cff7,66,0x489eb7aaa9f289e339df96d4e90d39aace070417b537f003f25dddab934ca6cc,0xaf4a2bb6ecc05a311a5eb3023133ff503e2b4e40,0x81313f7c5c9c824236c9e4cba3ac4b049986e756,0xe3d5291a2e4c1766ecf060f354d2ce38add96914,8.495049541056429e+20,HippoFinance,HIPPO,18,132,154821,199000000000,100465,8616991,deprecated,4271435
38,10912662,2020-09-22 13:46:49,0xd510fda14eca62efe5e10fa31dd36c8d5d895b105fcdffc0ee24ebefb4efd572,67,0x2235e674ab325a077c1955da85664caf86a4b447ffddd77f6d4ed561718c11d7,0xe3d5291a2e4c1766ecf060f354d2ce38add96914,0x81313f7c5c9c824236c9e4cba3ac4b049986e756,0xaf4a2bb6ecc05a311a5eb3023133ff503e2b4e40,8.087553166360741e+20,HippoFinance,HIPPO,18,43,164837,190000000000,124285,3740776,deprecated,4271360
39,10912762,2020-09-22 14:08:28,0xe639234ee8b8e324de52f1a651b13b068ba224ca8ff35b619bf7d146f94915b3,68,0x0b676a7f536ee2d072a3b6d9a4d617141b1f45b2bfed12b499ab0d62f52f56e3,0xaf4a2bb6ecc05a311a5eb3023133ff503e2b4e40,0x81313f7c5c9c824236c9e4cba3ac4b049986e756,0xe3d5291a2e4c1766ecf060f354d2ce38add96914,8.087553166360741e+20,HippoFinance,HIPPO,18,147,154821,192000000000,100465,11260244,deprecated,4271260
40,10912823,2020-09-22 14:25:12,0x4b4184f37525ca8ad7402e781a75cd21ddcae4e0f0ec1489bf77fd83b2ae30f0,69,0x4b76fef942ac37268f5e0813e0444ba86a693c0aff8054af7970e42f17592aa5,0xe3d5291a2e4c1766ecf060f354d2ce38add96914,0x81313f7c5c9c824236c9e4cba3ac4b049986e756,0xaf4a2bb6ecc05a311a5eb3023133ff503e2b4e40,8.102431185458977e+20,HippoFinance,HIPPO,18,206,151409,207000000000,112269,11742194,deprecated,4271199
41,10913011,2020-09-22 15:04:34,0xd37f8d26b13a136430781b84b96bbab4e7395ea9e65b828dfff74cb9bc795c78,74,0xd7d9110a09c5e0c4431d6d3d2bb96e581ad4952bb48c2838472004d55e49af13,0xaf4a2bb6ecc05a311a5eb3023133ff503e2b4e40,0x81313f7c5c9c824236c9e4cba3ac4b049986e756,0xe3d5291a2e4c1766ecf060f354d2ce38add96914,8.102431185458977e+20,HippoFinance,HIPPO,18,37,168039,215000000000,112481,3176977,deprecated,4271011
42,10913785,2020-09-22 18:06:31,0x1552f68f6317f580e97de7bc327a5ae358f04416300b59b3379d8062a349a890,79,0x62e53de2c7f34764f35dda12e91a91dac937ba0ec6a1a162a4f4837b9595188a,0xe3d5291a2e4c1766ecf060f354d2ce38add96914,0x81313f7c5c9c824236c9e4cba3ac4b049986e756,0xaf4a2bb6ecc05a311a5eb3023133ff503e2b4e40,6.827975126197983e+20,HippoFinance,HIPPO,18,96,164837,249000000000,112269,8653080,deprecated,4270237
43,10927751,2020-09-24 21:29:09,0xd27fc5049ae4ed22081cf8a0da4c1c39cf874c5596b0c8e37c991f12edaa7d4b,84,0xb74d5379cd75b64b8854a7405c16c6c4ebfeb77a2a2ed5e01ec69b5248258799,0xaf4a2bb6ecc05a311a5eb3023133ff503e2b4e40,0x81313f7c5c9c824236c9e4cba3ac4b049986e756,0xe3d5291a2e4c1766ecf060f354d2ce38add96914,6.827975126197983e+20,HippoFinance,HIPPO,18,104,168039,115000000000,100465,5727804,deprecated,4256271
44,10939774,2020-09-26 18:08:36,0x5b8c107dbb90f1e1d44c1705b4009c060540a8677bdbbc8ab4700dfd8566092a,87,0xb658111a65b7930b0f1c87d31b36e4bab7ef3b4d75fa0a129b264bee4755bac3,0x39fb7af42ef12d92a0d577ca44cd54a0f24c4915,0x22b6c31c2beb8f2d0d5373146eed41ab9ede3caf,0xaf4a2bb6ecc05a311a5eb3023133ff503e2b4e40,15552973546.0,CocktailBar,COC,8,133,164973,96000000000,124407,10523836,deprecated,4244248
45,10939796,2020-09-26 18:14:37,0x12c94d1e5750522b858f32241d1798e9686a733a6596867f69db5ed7c6382dc7,91,0xa4a15b115018d7f4ed568e0721be214887fc8f1a81f9612f04c859c9011fcb00,0x39fb7af42ef12d92a0d577ca44cd54a0f24c4915,0x22b6c31c2beb8f2d0d5373146eed41ab9ede3caf,0xaf4a2bb6ecc05a311a5eb3023133ff503e2b4e40,18009750850.0,CocktailBar,COC,8,19,148211,96000000000,109407,1573330,deprecated,4244226
46,10939810,2020-09-26 18:18:11,0xe49f36de3933f1ca58f65b119b41afd80cb991470062ac8fb445535d0ec5f278,92,0xb9bb8395b469e8ea2bad9f8d7708349c628c4b9dc2801c13521a67712718fdc6,0x39fb7af42ef12d92a0d577ca44cd54a0f24c4915,0x22b6c31c2beb8f2d0d5373146eed41ab9ede3caf,0xaf4a2bb6ecc05a311a5eb3023133ff503e2b4e40,21999412855.0,CocktailBar,COC,8,56,148211,96000000000,109407,4560343,deprecated,4244212
47,10939864,2020-09-26 18:36:26,0x87426a655c4a1cf6291b873a556d0bde22747b603994ecf9e2c709b323993db0,94,0x1c14cd651809caf4c8f00257a1efe50d4e7e56184988b15859b0c77f07db50af,0x39fb7af42ef12d92a0d577ca44cd54a0f24c4915,0x22b6c31c2beb8f2d0d5373146eed41ab9ede3caf,0xaf4a2bb6ecc05a311a5eb3023133ff503e2b4e40,25131862435.0,CocktailBar,COC,8,76,148211,98006400000,109407,8147129,deprecated,4244158
48,10939864,2020-09-26 18:36:26,0x435fff0904e17bd5acd6e4bddfcd142d8cee0f1b03cc2365ae9255b404c46ef6,95,0x1c14cd651809caf4c8f00257a1efe50d4e7e56184988b15859b0c77f07db50af,0x39fb7af42ef12d92a0d577ca44cd54a0f24c4915,0x22b6c31c2beb8f2d0d5373146eed41ab9ede3caf,0xaf4a2bb6ecc05a311a5eb3023133ff503e2b4e40,23242923085.0,CocktailBar,COC,8,77,148211,102000000000,97391,8244520,deprecated,4244158
49,10939970,2020-09-26 19:02:46,0xcd66529145c6c8043bedbe8b3dfb7c81c72aea8595c9c95034b5069db0c434d7,96,0x0f4cda13ee7323b676eac6e758955995823ff6cf14852cd6cb1e9da602b45a37,0x39fb7af42ef12d92a0d577ca44cd54a0f24c4915,0x22b6c31c2beb8f2d0d5373146eed41ab9ede3caf,0xaf4a2bb6ecc05a311a5eb3023133ff503e2b4e40,31250161187.0,CocktailBar,COC,8,64,148211,101000000000,109407,5861077,deprecated,4244052
50,10940048,2020-09-26 19:17:09,0x6b07e0bd709490173e6b030abbbea3a8bfefe91087f39d0f2150f4c327af6a14,98,0xc9a920501b368b1acd8e66fe50b4239a2b5c127f41dfbd06938961b8a319fcd7,0x39fb7af42ef12d92a0d577ca44cd54a0f24c4915,0x22b6c31c2beb8f2d0d5373146eed41ab9ede3caf,0xaf4a2bb6ecc05a311a5eb3023133ff503e2b4e40,32208997077.0,CocktailBar,COC,8,84,134784,100000000000,109407,6196317,deprecated,4243974
51,10940146,2020-09-26 19:41:29,0x91162099312a6cbf3e03aa49085249c262c36049249cf4b0787080d8a69ff009,99,0xedf031b2e39f876c3acb3cd843fe38d1aee61a44135ba6df5b6fee144c5d0f18,0x39fb7af42ef12d92a0d577ca44cd54a0f24c4915,0x22b6c31c2beb8f2d0d5373146eed41ab9ede3caf,0xaf4a2bb6ecc05a311a5eb3023133ff503e2b4e40,26109798583.0,CocktailBar,COC,8,57,148211,100000000000,109407,2897319,deprecated,4243876
52,10940170,2020-09-26 19:47:39,0xa4984c5cbf62fe8c3ce5acfda6c6bac18fb458e02006020d7bb32818949f4f7c,100,0x44479b3025d2aa819a795b01448840a0187ac4b0e7b92f1737cdc817deb44953,0x39fb7af42ef12d92a0d577ca44cd54a0f24c4915,0x22b6c31c2beb8f2d0d5373146eed41ab9ede3caf,0xaf4a2bb6ecc05a311a5eb3023133ff503e2b4e40,30895803037.0,CocktailBar,COC,8,105,148211,100000000000,109407,10852840,deprecated,4243852
53,10940306,2020-09-26 20:19:03,0x209baf8b44ce14ae180076b8544325ee27862ecd25fbfbe3d1fe45de5a0b3d59,101,0x97c065c7893675d666b49c5fc97910eed4ddae99f818c39a916c4aac876e6f45,0x39fb7af42ef12d92a0d577ca44cd54a0f24c4915,0x22b6c31c2beb8f2d0d5373146eed41ab9ede3caf,0xaf4a2bb6ecc05a311a5eb3023133ff503e2b4e40,31636222638.0,CocktailBar,COC,8,33,148211,100000000000,109407,2720283,deprecated,4243716
54,10946092,2020-09-27 18:01:19,0xb0f6e4a2c0685471de0dd5c103efc671029c07fbb5082ccc200091395a3a4872,102,0xb1108c775d1c9b539fee9c6470799b7b4a5127d0331b30ae2e3fcca33938d143,0x25c9bd089457329b45c5e04cd8b4f4909af59bef,0xde28e7db09acbb96ed9e1b297c5b214e4b3143dc,0xaf4a2bb6ecc05a311a5eb3023133ff503e2b4e40,2.535470486811958e+18,THEBIGPAYOUTTOKEN,TBPT,18,38,151455,110000000000,112309,2274647,deprecated,4237930
55,10946338,2020-09-27 19:00:11,0x17e7cd66d7eddc24b7f0519ec42ad3d618c7c99e3e03cd6b3b719048aa955fde,108,0xc2829764733044f86bc3dea2e9f243499a265bbf28c95d27b9fccec6ba1ad7de,0xaf4a2bb6ecc05a311a5eb3023133ff503e2b4e40,0xde28e7db09acbb96ed9e1b297c5b214e4b3143dc,0x25c9bd089457329b45c5e04cd8b4f4909af59bef,2.535470486811958e+18,THEBIGPAYOUTTOKEN,TBPT,18,110,152710,72000000000,98546,9133469,deprecated,4237684
56,10949971,2020-09-28 08:34:08,0x6df0878c1611e4ca4e9ca6179b2116cfd72422b9239de962d9aad1945e326846,109,0x159dfaf6bb9826e75cffb2c15593c81c9f4c030bc0f8ea2b3cabca009bbbbfee,0xd24314cccb742cee02c23e815b5fbf930bdd16c5,0xd0658324074d6249a51876438916f7c423075451,0xaf4a2bb6ecc05a311a5eb3023133ff503e2b4e40,2.8076625572757617e+18,Yearn Land,yLand,18,77,152900,80000000000,125618,5104871,deprecated,4234051
57,10951496,2020-09-28 14:29:46,0xb639ffc05f287a675665076948fdee8671de02fc9baabed2c69a99a1c67c80ce,115,0xa068cfcd6f08aa671dcbb78338ef779c1b8fb872060f6f576d0ea488c44e36b9,0xaf4a2bb6ecc05a311a5eb3023133ff503e2b4e40,0xd0658324074d6249a51876438916f7c423075451,0xd24314cccb742cee02c23e815b5fbf930bdd16c5,2.8076625572757617e+18,Yearn Land,yLand,18,32,168435,131000000000,112841,2404101,deprecated,4232526
58,10951519,2020-09-28 14:34:11,0x1788b2b702b7bab291b8799e97e6d2f1422680af022bd5567c0abd1d8158ff3c,116,0xfeb2ddecbc23651c9294940189083e9a6d08d2decb7ff03bd15d8c0fd170d01a,0xaf4a2bb6ecc05a311a5eb3023133ff503e2b4e40,0x22b6c31c2beb8f2d0d5373146eed41ab9ede3caf,0x39fb7af42ef12d92a0d577ca44cd54a0f24c4915,30159846832.0,CocktailBar,COC,8,119,165862,133000000000,125502,8865582,deprecated,4232503
59,10951532,2020-09-28 14:37:18,0xc780c466451cadec687497fe8e00275ba5d94ff7c919b438a4abd293650bbdc2,117,0x9a9a2770daaf2d8183e752d1c7de9b83076f858c50524e641949191ec1ecf765,0xaf4a2bb6ecc05a311a5eb3023133ff503e2b4e40,0x22b6c31c2beb8f2d0d5373146eed41ab9ede3caf,0x39fb7af42ef12d92a0d577ca44cd54a0f24c4915,32915326973.0,CocktailBar,COC,8,109,165862,133000000000,125502,6079407,deprecated,4232490
60,10952239,2020-09-28 17:17:56,0x6d9d8ff55d5e6366ed02066f0d915c61a9e105c760a7042aa0f6acdfc4ce0c51,118,0x809fdf1332849d2e4db58c27a313364a4bb11f7a826bf7ebe928e3310bd373fa,0xaf4a2bb6ecc05a311a5eb3023133ff503e2b4e40,0x22b6c31c2beb8f2d0d5373146eed41ab9ede3caf,0x39fb7af42ef12d92a0d577ca44cd54a0f24c4915,38502489317.0,CocktailBar,COC,8,67,165862,130000000000,125502,5450108,deprecated,4231783
61,10952402,2020-09-28 17:53:37,0x85c992666225d6a8397c5907bd6719fda63f77127a3da9cb7806478da6eee497,119,0xba2597b1c425208ea02ed0dc9bde0b137322c3766937461b9ac5a7282ac1339a,0xaf4a2bb6ecc05a311a5eb3023133ff503e2b4e40,0x22b6c31c2beb8f2d0d5373146eed41ab9ede3caf,0x39fb7af42ef12d92a0d577ca44cd54a0f24c4915,44174538443.0,CocktailBar,COC,8,118,165862,114000000000,125502,5565296,deprecated,4231620
62,10952407,2020-09-28 17:54:33,0x06ccf8fb18532e73140d45113c39f8187419feaae56e8a7c8727701c34b87e70,120,0xe4736e4963966a3a68162df744600f69743c24034250a74bc5bef7686ddd3079,0xaf4a2bb6ecc05a311a5eb3023133ff503e2b4e40,0x22b6c31c2beb8f2d0d5373146eed41ab9ede3caf,0x39fb7af42ef12d92a0d577ca44cd54a0f24c4915,49126206742.0,CocktailBar,COC,8,69,165862,114000000000,125502,3832992,deprecated,4231615
63,10952432,2020-09-28 17:59:29,0x54deb40f545379955408584aa5f256c2044ddaf8a4f84ea2732e524c1d68de44,121,0x8d37af968194dc00dec49fc5c57b9c2bd0cd598c08f283a14311bd6db2fbd7b5,0xaf4a2bb6ecc05a311a5eb3023133ff503e2b4e40,0x22b6c31c2beb8f2d0d5373146eed41ab9ede3caf,0x39fb7af42ef12d92a0d577ca44cd54a0f24c4915,61159496986.0,CocktailBar,COC,8,110,165881,102000000000,110519,8782521,deprecated,4231590
64,10953208,2020-09-28 20:55:07,0x42995855c7f5a440d1289b940811383382c0864271c215743a57308fc2f14b92,122,0x838bbe13ea92d6af0d2c2585c3c7c2342bfcd018d32c2366dd738034b23b9f51,0x39fb7af42ef12d92a0d577ca44cd54a0f24c4915,0x22b6c31c2beb8f2d0d5373146eed41ab9ede3caf,0xaf4a2bb6ecc05a311a5eb3023133ff503e2b4e40,34273105413.0,CocktailBar,COC,8,146,164973,91000000000,124407,8104059,deprecated,4230814
65,10953514,2020-09-28 21:58:30,0x2dca64bf9168b146f5613d7ba9d7c800978ebce4accbd6ce63e7c57e2a2fc4c2,123,0xdbdd92d2742a3eb38037af716f063dc3c0c13745df3dca5b7d3ffb4ac1ff5e0e,0x39fb7af42ef12d92a0d577ca44cd54a0f24c4915,0x22b6c31c2beb8f2d0d5373146eed41ab9ede3caf,0xaf4a2bb6ecc05a311a5eb3023133ff503e2b4e40,31913682991.0,CocktailBar,COC,8,92,134784,85000000000,109407,9330034,deprecated,4230508
66,10955661,2020-09-29 06:01:16,0xb013836130ea5ef153a46a8834e74f06b09b19cce5742551f3a1c8ad3af13a46,124,0x3710828ccf1b9d15b571e99c2decdf24647322131e3386eba4e960580e71c09e,0xd24314cccb742cee02c23e815b5fbf930bdd16c5,0xd0658324074d6249a51876438916f7c423075451,0xaf4a2bb6ecc05a311a5eb3023133ff503e2b4e40,3.9366388633687583e+18,Yearn Land,yLand,18,142,166327,112000000000,113602,7613943,deprecated,4228361
67,10955764,2020-09-29 06:22:33,0x16fc9118cfd46f3a32289395619cbeb0b3780e16e2f406c15ce672f5bae3b29b,125,0x3a13c014f6a21dc72021cb6a44553848e63bb75dd224fd1a33bdaa17434660c6,0x005d758b2a39181de8a80acfe025576595e49050,0xe306ec4e455cde6d89acccc01d209435beb10af3,0xaf4a2bb6ecc05a311a5eb3023133ff503e2b4e40,2.5350639217742077e+17,GoodFuckingGame,GFG,18,189,165752,104000000000,125103,11977247,deprecated,4228258
68,10956450,2020-09-29 08:57:18,0x53b0da7bf8f638a86d85f27606aaa6ee656ed35455f7fe4b96d37c22c0f1d9c4,126,0xd010e2dfada36c9693d01c58dfc9af957771fce1529e543a1ca78779f7eef386,0xb529d41afbc67a1b8e9bd78928dddaf6abf569e4,0xf974b5f9ac9c6632fee8b76c61b0242ce69c839d,0xaf4a2bb6ecc05a311a5eb3023133ff503e2b4e40,2.0443601550384038e+21,ZyxToken,ZYX,18,82,165152,164000000000,124567,4766583,deprecated,4227572
69,10956460,2020-09-29 08:59:26,0xd2af1d835cea53136a032180aaabdcfc25ac69f8a27cfc72d8d184f8918447d7,127,0x1907cb9f8dc25d69e318437c865f79a9e9fc3bc85fdc8498b15a59577c899684,0xb529d41afbc67a1b8e9bd78928dddaf6abf569e4,0xf974b5f9ac9c6632fee8b76c61b0242ce69c839d,0xaf4a2bb6ecc05a311a5eb3023133ff503e2b4e40,1.9673658115623504e+21,ZyxToken,ZYX,18,102,148391,123420000000,109567,6149102,deprecated,4227562
70,10956729,2020-09-29 09:59:45,0x806d9012c56f876ee0debb140d6ecff58476252198e86cc567c250ebd9d94b14,129,0x680aff959121b6b150cbe8228b18c49fd3eefa702ba068c77a155c74531f0c76,0xe3d5291a2e4c1766ecf060f354d2ce38add96914,0x81313f7c5c9c824236c9e4cba3ac4b049986e756,0xaf4a2bb6ecc05a311a5eb3023133ff503e2b4e40,4.362923597488193e+19,HippoFinance,HIPPO,18,168,164824,135000000000,124273,10340358,deprecated,4227293
71,10957339,2020-09-29 12:10:59,0x85747cd766a5c937ed20a326cb0a0fb36c4d2e3b4e6b678593a9b63f7bd7aae8,132,0x5cb54a52db1b86be7e3f13e981b69dd5f04b8dfe49ee6ff3f5c2169a6d155fc4,0xe3d5291a2e4c1766ecf060f354d2ce38add96914,0x81313f7c5c9c824236c9e4cba3ac4b049986e756,0xaf4a2bb6ecc05a311a5eb3023133ff503e2b4e40,4.634860290403308e+19,HippoFinance,HIPPO,18,92,134647,124000000000,109285,4076153,deprecated,4226683
72,10957510,2020-09-29 12:49:48,0xedb488be27dc5f06758a20d27c6715ca84b2428f530e25263786969175fc6ad3,133,0xeaf2fee5a60d5462d4011d336a46bca8573bfa9f687dfef9886f9b33d034db02,0xb529d41afbc67a1b8e9bd78928dddaf6abf569e4,0xf974b5f9ac9c6632fee8b76c61b0242ce69c839d,0xaf4a2bb6ecc05a311a5eb3023133ff503e2b4e40,2.1358787895986335e+21,ZyxToken,ZYX,18,64,148391,123000000000,109567,5105573,deprecated,4226512
73,10957520,2020-09-29 12:51:21,0x492b5691d2a9e7fd833147934362d9197d9b08a1376e2ff22a71f9adc6cdbbe8,134,0xc9c2df667610773976f4890f48521e0e60a6c0c3c69176a591979ed2dc3af4e1,0xe3d5291a2e4c1766ecf060f354d2ce38add96914,0x81313f7c5c9c824236c9e4cba3ac4b049986e756,0xaf4a2bb6ecc05a311a5eb3023133ff503e2b4e40,4.984363984196532e+19,HippoFinance,HIPPO,18,195,148075,129000000000,97269,11017044,deprecated,4226502
74,10958121,2020-09-29 15:14:36,0x5df1497d29e56e7f1cc8a6840acec5d40a3d52da303b9825aee93d05f19ffbba,138,0xc4a7838031fee18be241f81cd92b83d3aa4cc5aba01ec4c530ace04e9003314c,0xaf4a2bb6ecc05a311a5eb3023133ff503e2b4e40,0xf974b5f9ac9c6632fee8b76c61b0242ce69c839d,0xb529d41afbc67a1b8e9bd78928dddaf6abf569e4,6.147604756199387e+21,ZyxToken,ZYX,18,104,168615,259000000000,113005,5671878,deprecated,4225901
75,10958279,2020-09-29 15:56:48,0x97c576dd243fbd873fe74c3d23d1a1882eaba8a1df3610e2b026d3867afe1457,141,0x8269781044df722d2c9c725f194a01771dcc438750b17ee2e31b3fcc6f1d62f5,0xaf4a2bb6ecc05a311a5eb3023133ff503e2b4e40,0xe306ec4e455cde6d89acccc01d209435beb10af3,0x005d758b2a39181de8a80acfe025576595e49050,2.5350639217742077e+17,GoodFuckingGame,GFG,18,125,168033,107000000000,112476,12140860,deprecated,4225743
76,10958340,2020-09-29 16:09:45,0x1200ccd7b0e764ce0299ba642b7aac3133d4bb4dbc726cd676e845572feda391,142,0xb5ae721e6cedc8d36c503577827e5932873d464b523b9b5e05a5398fa8a8722f,0xaf4a2bb6ecc05a311a5eb3023133ff503e2b4e40,0x81313f7c5c9c824236c9e4cba3ac4b049986e756,0xe3d5291a2e4c1766ecf060f354d2ce38add96914,4.440872534821229e+19,HippoFinance,HIPPO,18,91,168007,128700000000,127452,8431103,deprecated,4225682
77,10958518,2020-09-29 16:49:32,0x2a904e0146c0aeb63427cf659d3972d9f935f29550ed434c08b712165d4724d5,143,0x0524ea126d09c9d834090d238cfd86add5062b5ab5e2e0071b40192e983e7169,0xaf4a2bb6ecc05a311a5eb3023133ff503e2b4e40,0x81313f7c5c9c824236c9e4cba3ac4b049986e756,0xe3d5291a2e4c1766ecf060f354d2ce38add96914,4.75027746589483e+19,HippoFinance,HIPPO,18,83,168007,150000000000,127452,7109854,deprecated,4225504
78,10958558,2020-09-29 16:58:11,0xb773158359a59948246333343c93905103844a23998beec03161104242a15626,144,0x8e2045fc6057ecc04f1d452960341fec967687abf9d16f87e3000dc89f29cfe2,0xaf4a2bb6ecc05a311a5eb3023133ff503e2b4e40,0x81313f7c5c9c824236c9e4cba3ac4b049986e756,0xe3d5291a2e4c1766ecf060f354d2ce38add96914,4.7909978713719734e+19,HippoFinance,HIPPO,18,153,168026,150000000000,112469,11465501,deprecated,4225464
79,10958862,2020-09-29 18:05:51,0x33bdd0dab817a19cf4ea01f9c98d811e24aaa5963e896b07cdd179532a53ea45,149,0x9ef5235596563d37c4755c7d9d63bcb08cbc784b614e17f85360066cc5260f45,0x5b8c264c5a56cb19d804ed2cf570f18a70e3f999,0x1cd2f7f77004296984806504ca6c035f088c2e21,0xaf4a2bb6ecc05a311a5eb3023133ff503e2b4e40,9.788391299648557e+17,Flicky Minaj Token,MINAJ,18,31,166148,152000000000,125459,2725775,deprecated,4225160
80,10958934,2020-09-29 18:24:01,0x2d8a195a99eaa2a4f145f26cb8974aa53ad423d836199a938dac4994c1d38de1,151,0x49193c75bbcea3553b3ce6576234a363f47d6c989eafbac884df4b7f8889b5a1,0x5b8c264c5a56cb19d804ed2cf570f18a70e3f999,0x1cd2f7f77004296984806504ca6c035f088c2e21,0xaf4a2bb6ecc05a311a5eb3023133ff503e2b4e40,1.1124267241742093e+18,Flicky Minaj Token,MINAJ,18,155,149386,145000000000,110459,12025507,deprecated,4225088
81,10958957,2020-09-29 18:29:41,0x7a5d71421489ee453e7f122d8a168b8b2486ca6398abaecb638e1cc1bcfbcf90,153,0x1a6386f648b7d7143ad7069337abad8af2baa4314706c28d99a1a2aae171211b,0x5b8c264c5a56cb19d804ed2cf570f18a70e3f999,0x1cd2f7f77004296984806504ca6c035f088c2e21,0xaf4a2bb6ecc05a311a5eb3023133ff503e2b4e40,1.4986288582098675e+18,Flicky Minaj Token,MINAJ,18,84,149386,139000000000,98443,4823478,deprecated,4225065
82,10959085,2020-09-29 18:58:30,0x2db7de3923283ebe413b83ac598e4ab3a01ff71033ae5af32651df3a0837f59d,154,0x19d276833faa2a2f2027a773159cb6706dbacaff6abd9f3c89d6c2be5681abe2,0x5b8c264c5a56cb19d804ed2cf570f18a70e3f999,0x1cd2f7f77004296984806504ca6c035f088c2e21,0xaf4a2bb6ecc05a311a5eb3023133ff503e2b4e40,2.108298794924018e+18,Flicky Minaj Token,MINAJ,18,42,149386,127000000000,110459,1909494,deprecated,4224937
83,10959242,2020-09-29 19:31:39,0x6aec4f1c5340a1496175a0667fd6ac01b095d20457b660e483162dff2e701d6e,155,0x19daefb641a77ab7d60ebe334fc4c6387e7566df2582ac3ca6a72e4d3050670c,0x5b8c264c5a56cb19d804ed2cf570f18a70e3f999,0x1cd2f7f77004296984806504ca6c035f088c2e21,0xaf4a2bb6ecc05a311a5eb3023133ff503e2b4e40,2.492488219297718e+18,Flicky Minaj Token,MINAJ,18,30,149386,102000000000,110459,2120175,deprecated,4224780
84,10959278,2020-09-29 19:39:57,0x6910a6411d0f024955060a3586153df77cb68cb33fb813aa7b013f4b46600558,156,0xa93b9f7743dd03120f23c9ced8f95ac627c811693f819cfff21b3757c93184f0,0xaf4a2bb6ecc05a311a5eb3023133ff503e2b4e40,0xd0658324074d6249a51876438916f7c423075451,0xd24314cccb742cee02c23e815b5fbf930bdd16c5,3.9366388633687583e+18,Yearn Land,yLand,18,24,155217,127000000000,112841,2450759,deprecated,4224744
85,10959336,2020-09-29 19:50:09,0x88a864d2e5415c2169437214557a357db5f197ea69fa3458273bfd3d5927afef,157,0x047cc7192ff60a772eaeec003b986f567a5c97d0a05c8b7659438d38bd67e12f,0xaf4a2bb6ecc05a311a5eb3023133ff503e2b4e40,0x22b6c31c2beb8f2d0d5373146eed41ab9ede3caf,0x39fb7af42ef12d92a0d577ca44cd54a0f24c4915,66186788404.0,CocktailBar,COC,8,173,165881,69000000000,110519,11565449,deprecated,4224686
86,10959916,2020-09-29 21:59:08,0x4f9743b41a0b9ced7f25b7e00e4db2e570d991b960aaa88c3c1f4ec9ee23f76e,158,0xa9ddcfb92667b628d2af7e23ed3e9d816b8f1f4279aa2b06b5fb33dbb59c0df5,0x5b8c264c5a56cb19d804ed2cf570f18a70e3f999,0x1cd2f7f77004296984806504ca6c035f088c2e21,0xaf4a2bb6ecc05a311a5eb3023133ff503e2b4e40,4.44645263857338e+18,Flicky Minaj Token,MINAJ,18,173,149386,70000000000,110459,12039568,deprecated,4224106
87,10959928,2020-09-29 22:02:33,0xde480ee1abb1b611e7bfd4363c361170fd47d065efce829d7efe4eb345a590de,159,0xbdbfe76cdea064aee20320184c8ee021c11b50c6d9cf6d3f5d59988b2e3e405e,0x5b8c264c5a56cb19d804ed2cf570f18a70e3f999,0x1cd2f7f77004296984806504ca6c035f088c2e21,0xaf4a2bb6ecc05a311a5eb3023133ff503e2b4e40,4.1233573872571453e+18,Flicky Minaj Token,MINAJ,18,53,149386,70000000000,110459,7466008,deprecated,4224094
88,10959959,2020-09-29 22:11:26,0x90d7520111c2408ae4ed1dc15e57a90fc67515f03f4134cde013ca7f2fc5d515,67,0x59a0082779039c8edcfd9deeebf5907963fdb8e0b215a31198ba9cc52baa0009,0xe1dbcaf80e78623ae33026b60eb7054ed0d6dfb0,0x1cd2f7f77004296984806504ca6c035f088c2e21,0xaf4a2bb6ecc05a311a5eb3023133ff503e2b4e40,3e+18,Flicky Minaj Token,MINAJ,18,86,55804,70000000000,37203,5660897,deprecated,4224063
89,10962380,2020-09-30 07:17:27,0x9b7bddadbf4cea2fdb7d7dfa392556a7abb9dd73e0e42576254baf647e578653,160,0x7f4617aa903fd9c9871b0cd98a6da8e2396d92aaaf07a3f3be2e2b308149493b,0xaf4a2bb6ecc05a311a5eb3023133ff503e2b4e40,0x1cd2f7f77004296984806504ca6c035f088c2e21,0x5b8c264c5a56cb19d804ed2cf570f18a70e3f999,1.9760491752401195e+19,Flicky Minaj Token,MINAJ,18,24,169380,117000000000,113700,5369345,deprecated,4221642
90,10963961,2020-09-30 13:11:53,0x39348bd5c4831c0d345c579ec08fca642c0cc9b360455be6ab259036edbdce71,161,0xab1270eb354105137739acc938e3348d1cbc9931e1f014b915b75685c166ff3b,0xc2366a1bb6d14f1b78b1804f06af4f4f46048620,0xcbcab845b098ae66dceb8c6e9bbd3239693d9ec2,0xaf4a2bb6ecc05a311a5eb3023133ff503e2b4e40,1.6e+24,Orange Protocol,ORNG,18,25,200000,150000000000,68387,1691223,deprecated,4220061
91,10971417,2020-10-01 17:11:23,0xef059ec5097e1ee0b0f1d562999b0f384fe0ab3f8434eb27c4d688124958d384,163,0x2a5b6da78958ce65b72d53221e22f6c579bbf7c393a5dc6ae03809bce5426077,0xb529d41afbc67a1b8e9bd78928dddaf6abf569e4,0xf974b5f9ac9c6632fee8b76c61b0242ce69c839d,0xaf4a2bb6ecc05a311a5eb3023133ff503e2b4e40,2.5e+21,ZyxToken,ZYX,18,104,173613,222000000000,132546,8056559,deprecated,4212605
92,10971455,2020-10-01 17:17:07,0x80f1e22d48c7e28c3f2a3c7f3692d364f06fed94cf452ef1b4dfb619961b0da6,164,0x52a1bdd23c8ffa7698b5accb3d51b5dd93fc6a673ef2e57f5ddecc74f7c3a9e7,0xb529d41afbc67a1b8e9bd78928dddaf6abf569e4,0xf974b5f9ac9c6632fee8b76c61b0242ce69c839d,0xaf4a2bb6ecc05a311a5eb3023133ff503e2b4e40,2.5e+21,ZyxToken,ZYX,18,186,157113,222000000000,117546,9417385,deprecated,4212567
93,10971681,2020-10-01 18:05:05,0x7d5b11d6a1059cb232a093cccfc61b1045b302676073725d096137bb44aae15e,165,0xa7cea403bf1235ceeb46f6cba949e388a5c40a8abf561f8ec4881518e2e07acb,0xaf4a2bb6ecc05a311a5eb3023133ff503e2b4e40,0xcbcab845b098ae66dceb8c6e9bbd3239693d9ec2,0x7990518c5547d30c07717bd362829c26b227ab21,1.6e+24,Orange Protocol,ORNG,18,173,172715,118000000000,116732,5844487,deprecated,4212341
94,10972926,2020-10-01 22:39:44,0x954959b0f3cc983453f27bfff79ef4147a321f08fb47fb2a10cda784092bccb6,166,0xf00582f30a45b217a70bf128a8a09185ddb88e97e6ca44156dcbe60c0d9cb554,0xaf4a2bb6ecc05a311a5eb3023133ff503e2b4e40,0xf974b5f9ac9c6632fee8b76c61b0242ce69c839d,0xb529d41afbc67a1b8e9bd78928dddaf6abf569e4,5e+21,ZyxToken,ZYX,18,28,168589,51000000000,112981,2486882,deprecated,4211096
95,10975767,2020-10-02 09:17:04,0x68fabe9e7b9d3c150f183a2d370136f238fcbdf89df067d12ff949951dc8a462,167,0x508cee3e6d878b568344333e89c32b69fe896166c8871003a9121bcd42ee1b37,0xb529d41afbc67a1b8e9bd78928dddaf6abf569e4,0xf974b5f9ac9c6632fee8b76c61b0242ce69c839d,0xaf4a2bb6ecc05a311a5eb3023133ff503e2b4e40,8.9e+21,ZyxToken,ZYX,18,180,173626,82000000000,132558,11957199,deprecated,4208255
96,10984805,2020-10-03 19:25:54,0xd9efe5a5896540c917c536e3292ab642908d1365a15c43a0b7700c741546cc32,168,0xd81a8ce09c6c8b59367d9a8aac946208d12b658cd3aee625e0a735a4815e32bc,0xaf4a2bb6ecc05a311a5eb3023133ff503e2b4e40,0xf974b5f9ac9c6632fee8b76c61b0242ce69c839d,0xb529d41afbc67a1b8e9bd78928dddaf6abf569e4,8.9e+21,ZyxToken,ZYX,18,72,168589,101000000000,112981,4233428,deprecated,4199217
97,10985214,2020-10-03 20:58:02,0x679a4112b92c32b1a7c1003c150c28a66f18027de9fa87fa2005499b2c99de37,169,0x548e5e3a881ac0a1bfa7e5e32c58322869457710e11e718b91731bc96c65eb2b,0xd2f24421f2793a0b10eea1da8404c7014ab291ae,0x23aeff664c1b2bba98422a0399586e96cc8a1c92,0xaf4a2bb6ecc05a311a5eb3023133ff503e2b4e40,1.2e+21,Fee Active Collateral Token,Fact,18,42,173622,41000000000,132555,3534507,deprecated,4198808
98,10989927,2020-10-04 14:26:10,0x69ee3c16746b93a9ebb7a6a1cebb9c90935b600c04c9d3d66b214eb26eddcf4d,171,0xd9477d49e5dc0b7679679b2af34bf8c3cefefe3a5147bae859d2cba9bf1aea86,0xaf4a2bb6ecc05a311a5eb3023133ff503e2b4e40,0x23aeff664c1b2bba98422a0399586e96cc8a1c92,0xd2f24421f2793a0b10eea1da8404c7014ab291ae,1.2e+21,Fee Active Collateral Token,Fact,18,98,168456,79000000000,112860,5159070,deprecated,4194095
99,10991174,2020-10-04 19:16:05,0xe9a950e68276119c71c7c607a2514e7c4f8320d5a0b6b2a1e0b6fd902c37e198,172,0x9b80b2757dd2ed202f7e1eedfd2240cf044acc4be08109bb95589f78da5b00b1,0x05f21e62952566cefb77f5153ec6b83c14fb6b1d,0xaf9f549774ecedbd0966c52f250acc548d3f36e5,0xaf4a2bb6ecc05a311a5eb3023133ff503e2b4e40,2.6e+22,Rio Fuel Token,RFuel,18,123,174482,97000000000,133336,5124425,deprecated,4192848
100,10991311,2020-10-04 19:48:15,0x43946e2b37e80873a19da742420dd16166bed357d85d89b42dc116a39b968633,175,0x6ba826ca48dbe4c728cc9c6408ac60b3befddf40281e81b32bc2c0b67cd65c9b,0xaf4a2bb6ecc05a311a5eb3023133ff503e2b4e40,0xaf9f549774ecedbd0966c52f250acc548d3f36e5,0x05f21e62952566cefb77f5153ec6b83c14fb6b1d,2.6e+22,Rio Fuel Token,RFuel,18,132,170152,92000000000,114402,12095606,deprecated,4192711
101,10994196,2020-10-05 06:49:35,0x737da37028fdb89c626d14d86b3f217581363a24845f324aa1d83db4cd9e620f,176,0xbacd27059a522f05f50528d1cca006c45c979280add6df0cc51e107f200a3f82,0x05f21e62952566cefb77f5153ec6b83c14fb6b1d,0xaf9f549774ecedbd0966c52f250acc548d3f36e5,0xaf4a2bb6ecc05a311a5eb3023133ff503e2b4e40,2.936e+22,Rio Fuel Token,RFuel,18,163,174482,66000000000,133336,10527233,deprecated,4189826
102,10998620,2020-10-05 23:08:58,0xe1ba07b4216edfd27faf3676c8b8e780a5e6e911470a8b4fe229f94f2281ac02,177,0x37629467e8217c71221c03a3877ad066a1f3fff6d1c255a15e189c49e51e4c75,0xaf4a2bb6ecc05a311a5eb3023133ff503e2b4e40,0xaf9f549774ecedbd0966c52f250acc548d3f36e5,0x05f21e62952566cefb77f5153ec6b83c14fb6b1d,2.936e+22,Rio Fuel Token,RFuel,18,114,170152,54000000000,114402,9364994,deprecated,4185402
103,11020778,2020-10-09 10:49:53,0x7b8dac2fdc6b040eaa31bf4f1677a671aef67b57b9f731f146ba29783a885d8e,179,0xddd34fdfda614db0aef22ed799e70a7894ce9a3440decdb75bdbb7e96c19c948,0xe3d5291a2e4c1766ecf060f354d2ce38add96914,0x81313f7c5c9c824236c9e4cba3ac4b049986e756,0xaf4a2bb6ecc05a311a5eb3023133ff503e2b4e40,2.8770438492324725e+19,HippoFinance,HIPPO,18,120,151409,72000000000,124285,9087576,deprecated,4163244
104,11020837,2020-10-09 10:59:30,0xd765ad00e4547633d9347c09fd3a859d724ab24ffaedeba650155eb17f951ee3,180,0x23f663f00c650b5dd21b0e4decad0970500d6ac761ba50579a3a3b63bd722ab7,0xaf4a2bb6ecc05a311a5eb3023133ff503e2b4e40,0x81313f7c5c9c824236c9e4cba3ac4b049986e756,0xe3d5291a2e4c1766ecf060f354d2ce38add96914,2.8770438492324725e+19,HippoFinance,HIPPO,18,111,168026,74000000000,112469,7440464,deprecated,4163185
105,11020907,2020-10-09 11:12:58,0xc9882a5d2f29985fa44464675e6aea984c92eaebd2619f7e876799796c64ad43,181,0xdc319fefb348775ea73caaf867aee50edfa6bc6c5d0678b352465cb1c2dff06b,0xe3d5291a2e4c1766ecf060f354d2ce38add96914,0x81313f7c5c9c824236c9e4cba3ac4b049986e756,0xaf4a2bb6ecc05a311a5eb3023133ff503e2b4e40,9.306701749515736e+19,HippoFinance,HIPPO,18,157,151409,74000000000,124285,11148509,deprecated,4163115
106,11020917,2020-10-09 11:14:48,0x0a5184d951f9df8d2483fbc5669b7b204a034f56cdebb17fb9ce112e6596a44d,182,0x0363c7e02deeedede9d570ecb2bb34c223aac6f0c26a624f2dadb4c6ac65c581,0xaf4a2bb6ecc05a311a5eb3023133ff503e2b4e40,0x81313f7c5c9c824236c9e4cba3ac4b049986e756,0xe3d5291a2e4c1766ecf060f354d2ce38add96914,9.306701749515736e+19,HippoFinance,HIPPO,18,109,168026,78000000000,112469,8265516,deprecated,4163105
107,11021074,2020-10-09 11:48:51,0x59fba94199ae928fe750253d0a9e6d2de3f1440d95d62a3c5c8b78a094bfc61b,183,0x75d403df8a691b88a71b1a2fc8ec21fb8b419e5d78839199453e98880d9d6b7a,0xe3d5291a2e4c1766ecf060f354d2ce38add96914,0x81313f7c5c9c824236c9e4cba3ac4b049986e756,0xaf4a2bb6ecc05a311a5eb3023133ff503e2b4e40,6.011733086736247e+19,HippoFinance,HIPPO,18,41,164837,88000000000,124285,3491673,deprecated,4162948
108,11021087,2020-10-09 11:51:49,0xffaca34c7ab81f78c4325015ac1be8a8f9b567a652b9f003a971f238638e24ea,184,0xec69b59ad06c2b8140dfc52634a22b3d75546b2b00c563564aba60cc1e54954f,0xe3d5291a2e4c1766ecf060f354d2ce38add96914,0x81313f7c5c9c824236c9e4cba3ac4b049986e756,0xaf4a2bb6ecc05a311a5eb3023133ff503e2b4e40,9.336277804099702e+19,HippoFinance,HIPPO,18,195,134647,88000000000,109285,12486698,deprecated,4162935
109,11021126,2020-10-09 12:01:14,0x9b266ec4ca95623b1df37de9f97c8f12a2a4878b7e14e741ec2392cd1f885482,186,0x9e96fdf70fc998122dea16002b469e316efe8ae9614ef168b1e18727be4e0259,0xaf4a2bb6ecc05a311a5eb3023133ff503e2b4e40,0x81313f7c5c9c824236c9e4cba3ac4b049986e756,0xe3d5291a2e4c1766ecf060f354d2ce38add96914,1.5348010890835948e+20,HippoFinance,HIPPO,18,37,168026,88000000000,112469,2160626,deprecated,4162896
110,11023036,2020-10-09 19:13:57,0x1266985df9f5ad300922dd876d0a8d4675eaeae9f93affe2517b60338e20bf1d,189,0xbef5d2c168817fc4c714db575a0e4f383c557b51b7ca3d0445f94931007ef8c1,0xe3d5291a2e4c1766ecf060f354d2ce38add96914,0x81313f7c5c9c824236c9e4cba3ac4b049986e756,0xaf4a2bb6ecc05a311a5eb3023133ff503e2b4e40,6.418862733900126e+19,HippoFinance,HIPPO,18,103,164837,64000000000,112269,6148881,deprecated,4160986
111,11023065,2020-10-09 19:21:16,0xba8a4564d6d71b61510d6c95c59dd1391a0798b7ebe079328847f5873790a5ef,190,0x662f75993a4538bfb6ee0b735a81b5d1da290f30897042f59eb8e1871e0edba7,0xaf4a2bb6ecc05a311a5eb3023133ff503e2b4e40,0x81313f7c5c9c824236c9e4cba3ac4b049986e756,0xe3d5291a2e4c1766ecf060f354d2ce38add96914,6.418862733900126e+19,HippoFinance,HIPPO,18,108,168026,64000000000,112469,6766520,deprecated,4160957
112,11028781,2020-10-10 16:32:48,0x6f60eb110f0d7111becac314578a2a0f4fc5804a43da58bf04f3189e490d2acf,198,0xb87fb2135f99c25fd14dce1e17f70cb795a821838c9bf81fb9b870b26cde6950,0xe3d5291a2e4c1766ecf060f354d2ce38add96914,0x81313f7c5c9c824236c9e4cba3ac4b049986e756,0xaf4a2bb6ecc05a311a5eb3023133ff503e2b4e40,1.7543827445260761e+19,HippoFinance,HIPPO,18,57,151396,69000000000,124273,6576758,deprecated,4155241
113,11028982,2020-10-10 17:17:51,0xa9e0f98cf15dfb595147fcd0cca59783dc57674a1712fff4c32f62b18c0ef1ce,206,0x05b9f032aee02f85dd0bb492ad7cdb7fa9eff6444745b1a56944982236918010,0xe3d5291a2e4c1766ecf060f354d2ce38add96914,0x81313f7c5c9c824236c9e4cba3ac4b049986e756,0xaf4a2bb6ecc05a311a5eb3023133ff503e2b4e40,2.048011570395496e+19,HippoFinance,HIPPO,18,87,148075,62000000000,109285,5549434,deprecated,4155040
114,11029165,2020-10-10 17:58:33,0x102b60e9ee9ccd8e578e1de8fb5712182cc3fa8174744b7f5225957cb6d0092a,211,0xacc56186677e7a5bc74924089c6987eb702f283aec913cc780b81783cac986fb,0xe3d5291a2e4c1766ecf060f354d2ce38add96914,0x81313f7c5c9c824236c9e4cba3ac4b049986e756,0xaf4a2bb6ecc05a311a5eb3023133ff503e2b4e40,2.220067763322486e+19,HippoFinance,HIPPO,18,57,134647,55000000000,109285,4727596,deprecated,4154857
115,11029471,2020-10-10 19:05:14,0x8024122f52ba85b96512615b40984295eda7bc7bb8224e6391d2f5d1d596a5ed,214,0x0eb0ffbccf08f2af9df36703d8dba039b3b3eae417457d130fbccc88470d3979,0xe3d5291a2e4c1766ecf060f354d2ce38add96914,0x81313f7c5c9c824236c9e4cba3ac4b049986e756,0xaf4a2bb6ecc05a311a5eb3023133ff503e2b4e40,2.353716981970595e+19,HippoFinance,HIPPO,18,38,134647,50000000000,97269,3498336,deprecated,4154551
116,11029638,2020-10-10 19:37:32,0xc16b78637f2cf6b4e707dcf7e4a0c8ea94d4b15ece1b7debe28f187aa0b913b0,220,0xf90b26a073b57afeffdfa3376dc1b79c4febc8fe93feca819fd95c01814347b1,0xe3d5291a2e4c1766ecf060f354d2ce38add96914,0x81313f7c5c9c824236c9e4cba3ac4b049986e756,0xaf4a2bb6ecc05a311a5eb3023133ff503e2b4e40,2.9037642838950523e+19,HippoFinance,HIPPO,18,96,134647,30000000000,97269,9330600,deprecated,4154384
117,11030177,2020-10-10 21:35:56,0x7c22905fd226fde8df473a2e3920e6980a3d8c519656a8648ca6d24a11b3d538,226,0xf645c456055903fd413a0be7764d7f77942336af63dc2a5024b899d81b3f1f1d,0xe3d5291a2e4c1766ecf060f354d2ce38add96914,0x81313f7c5c9c824236c9e4cba3ac4b049986e756,0xaf4a2bb6ecc05a311a5eb3023133ff503e2b4e40,2.6789396688473293e+19,HippoFinance,HIPPO,18,35,148062,35000000000,109273,4172831,deprecated,4153845
118,11030351,2020-10-10 22:11:28,0xb585c795ef2c0e32b426038817ef82bc8dd9a6396c4b2ecd79ed18155398c028,228,0x1b108f4458e1f7d1312cfa728f3a33250c384b9c422155ae16173777a49ffbe8,0xe3d5291a2e4c1766ecf060f354d2ce38add96914,0x81313f7c5c9c824236c9e4cba3ac4b049986e756,0xaf4a2bb6ecc05a311a5eb3023133ff503e2b4e40,2.237583384052487e+19,HippoFinance,HIPPO,18,85,148075,36000000000,109285,5262768,deprecated,4153671
119,11030721,2020-10-10 23:25:58,0x256583315ec835bbc5dd2062760bcd66a2c6ebef2d85544714ddc06eeed8fe0a,229,0xcda8cf12a92255341c892a928462a6ebba3057529f5486c0cf709de92fa9dcf0,0xe3d5291a2e4c1766ecf060f354d2ce38add96914,0x81313f7c5c9c824236c9e4cba3ac4b049986e756,0xaf4a2bb6ecc05a311a5eb3023133ff503e2b4e40,2.4091538891070194e+19,HippoFinance,HIPPO,18,155,134634,32000000000,97257,9436614,deprecated,4153301
120,11030765,2020-10-10 23:37:06,0xbc878dafce6da995cc272f84cb2307a6e66924d7b7fed8b80462cd3ac081ca87,232,0xcf7443d152a60967297494772438356044f4c94964e636b7b4d134c3f6cadb8e,0xe3d5291a2e4c1766ecf060f354d2ce38add96914,0x81313f7c5c9c824236c9e4cba3ac4b049986e756,0xaf4a2bb6ecc05a311a5eb3023133ff503e2b4e40,2.880253773528616e+19,HippoFinance,HIPPO,18,7,148075,150000000000,109285,520929,deprecated,4153257
121,11034043,2020-10-11 11:45:43,0x8c640250ee71935a8b698436006e0843bfea37eed62dfefbf2926b97b6a950ac,682,0x689d27316993b0758a05a619c0aec1734f671e09346c6da478456557a3ca7af1,0xbb2e11998bf694d745b35aa1a00222452024efbf,0xb01862d0830bcd7775a88625253d12d2c51a110a,0xaf4a2bb6ecc05a311a5eb3023133ff503e2b4e40,6.8e+17,AngryHippoV2,aHIPPOv2,18,21,210000,65000000000,51129,1236493,deprecated,4149979
122,11034597,2020-10-11 13:55:12,0x80237c7fbe157fc4cb594019fdb0dc03f6e71014e6f109f6874b5379d1ddb464,236,0xa114baa32c28e914a587e63ac52e3dd4531d36b31fb1c91c44f2b87b1c177ee6,0xaf4a2bb6ecc05a311a5eb3023133ff503e2b4e40,0xb01862d0830bcd7775a88625253d12d2c51a110a,0x287f1e39fb14934a6af9cdd859818454d5b13ba7,6.8e+17,AngryHippoV2,aHIPPOv2,18,147,154733,52000000000,100385,9695264,deprecated,4149425
123,11034924,2020-10-11 15:08:22,0x55ea123b1ddd2092cde4898c938a1443b05ccd44cd9ed4f32a19b585a20106f1,238,0x3fbe01d4bf576353e574fb9eaf9f130d59c4e3f315721b632f67a241fc82201a,0xaf4a2bb6ecc05a311a5eb3023133ff503e2b4e40,0x81313f7c5c9c824236c9e4cba3ac4b049986e756,0xb01862d0830bcd7775a88625253d12d2c51a110a,2.14e+20,HippoFinance,HIPPO,18,127,158446,34000000000,105631,9935375,deprecated,4149098
124,11041050,2020-10-12 13:30:18,0x6cc304c516db89a1fa2d9298a96ca3c317cbaf60564afa46fc8880185775573e,239,0x35d3aa318288cb599b4587ebacc0dd556488995a40a90f8e66aeebab29f2da4e,0x0000000000000000000000000000000000000000,0xb01862d0830bcd7775a88625253d12d2c51a110a,0xaf4a2bb6ecc05a311a5eb3023133ff503e2b4e40,2.08481673519969e+19,AngryHippoV2,aHIPPOv2,18,79,169264,61000000000,93643,5143893,deprecated,4142972
125,11042139,2020-10-12 17:35:50,0x19cbaf034d01d313d8dcb5dba71d67c2ce1dfe0a35b12d53ab87e47ed7805f68,241,0x12ce517b0084dade3729573bdeea3c5951c27c8caaed91a21daea9e5dfbedbbf,0xaf4a2bb6ecc05a311a5eb3023133ff503e2b4e40,0xb01862d0830bcd7775a88625253d12d2c51a110a,0x287f1e39fb14934a6af9cdd859818454d5b13ba7,2.08481673519969e+19,AngryHippoV2,aHIPPOv2,18,127,168004,63000000000,112449,9793961,deprecated,4141883
126,11053730,2020-10-14 12:24:36,0xc0589d341c9406cc7504d952e1db8844aebf1c794723961765bf9bb15afa9d7c,242,0x3bd71697823e53c920d169e2586f3cb9aae0a803c76297c0b426840dc1b66310,0x0000000000000000000000000000000000000000,0xb01862d0830bcd7775a88625253d12d2c51a110a,0xaf4a2bb6ecc05a311a5eb3023133ff503e2b4e40,2.294493217933166e+19,AngryHippoV2,aHIPPOv2,18,166,169264,53000000000,93643,10920303,deprecated,4130292
127,11053730,2020-10-14 12:24:36,0x7df5e339055bac7a1ac3b88776ac5928b34a1c08b8ddb38ede3a293eb2cdefe4,243,0x3bd71697823e53c920d169e2586f3cb9aae0a803c76297c0b426840dc1b66310,0xb01862d0830bcd7775a88625253d12d2c51a110a,0x81313f7c5c9c824236c9e4cba3ac4b049986e756,0xaf4a2bb6ecc05a311a5eb3023133ff503e2b4e40,2.14e+20,HippoFinance,HIPPO,18,167,131389,53000000000,42559,10962862,deprecated,4130292
128,11053746,2020-10-14 12:28:51,0x18ac14fc44d320415cc832d09834afae59f2de8d07cafdb65e36a2a9d268939c,244,0xffc2c825054943f1dbe47385ec68e789bd6ce507a9416809525249211c070d97,0xaf4a2bb6ecc05a311a5eb3023133ff503e2b4e40,0xb01862d0830bcd7775a88625253d12d2c51a110a,0x287f1e39fb14934a6af9cdd859818454d5b13ba7,2.294493217933166e+19,AngryHippoV2,aHIPPOv2,18,151,168004,50000000000,112449,9795064,deprecated,4130276
129,11055220,2020-10-14 17:35:28,0x44228d5c446fea589face5696f4ab408ca553c79dc48d49b7132f7dacf04af38,245,0xa7f2d40d4074cfe176c8dbccb5b9c5bf896820b7fe5ac56cd8b986153badbbd8,0xaf4a2bb6ecc05a311a5eb3023133ff503e2b4e40,0x81313f7c5c9c824236c9e4cba3ac4b049986e756,0xe3d5291a2e4c1766ecf060f354d2ce38add96914,5.884507997369424e+19,HippoFinance,HIPPO,18,128,168007,80000000000,127452,7963091,deprecated,4128802
130,11055226,2020-10-14 17:37:39,0xddf178b786fc3d2a88a8ae32de7dd5710b15e8801e5b16e5c239c641947cefe8,246,0x672ce547804de46fa400c26ddd43048cff205927c4ccbee6771ea9b2f72382a5,0x39fb7af42ef12d92a0d577ca44cd54a0f24c4915,0x22b6c31c2beb8f2d0d5373146eed41ab9ede3caf,0xaf4a2bb6ecc05a311a5eb3023133ff503e2b4e40,54993603242.0,CocktailBar,COC,8,121,164973,80000000000,124407,7176195,deprecated,4128796
131,11060767,2020-10-15 13:54:25,0x4b6a66253d955491a9dbadd8f9dff9966160668c22977cf1448fd3262fadbb14,247,0x85481585c5c92e8d4610a32da1db9213c5439a76fd1c7713edf06e88e677e55b,0xaf4a2bb6ecc05a311a5eb3023133ff503e2b4e40,0x81313f7c5c9c824236c9e4cba3ac4b049986e756,0xe3d5291a2e4c1766ecf060f354d2ce38add96914,1.5601366062275733e+20,HippoFinance,HIPPO,18,231,168026,53000000000,112469,11211375,deprecated,4123255
132,11076172,2020-10-17 22:32:17,0x6bc317cd4dcc1547df2b2ce9ad0149c51630caeb5a30cb07be7b5673e575213a,248,0x1ce1196e7af1f0cf0bbdcd9c7ef195c424d91a972bcaa18421b49d535957f3ca,0xaf4a2bb6ecc05a311a5eb3023133ff503e2b4e40,0x22b6c31c2beb8f2d0d5373146eed41ab9ede3caf,0x39fb7af42ef12d92a0d577ca44cd54a0f24c4915,16428468485.0,CocktailBar,COC,8,174,165862,19000000000,125502,8228927,deprecated,4107850
133,11076184,2020-10-17 22:35:33,0xe5771458697f319008b1c4c3807ec1f793be735c780865d825f358ce77d9e43b,249,0xd34bca79d83bbbd4db122103781584d43c8b643af23c26c5f67eb5f2dedfe3d6,0xaf4a2bb6ecc05a311a5eb3023133ff503e2b4e40,0x22b6c31c2beb8f2d0d5373146eed41ab9ede3caf,0x39fb7af42ef12d92a0d577ca44cd54a0f24c4915,17878408809.0,CocktailBar,COC,8,67,165862,19000000000,125502,3365934,deprecated,4107838
134,11076214,2020-10-17 22:39:42,0x29fcdb4d1d60c0e8f7b44acf18cec0c4313797e4d8400bcf64fd9c5124907bf1,250,0x60b22e207491425ecbe833dba743ca58595f90bff956d76371bd1cca2bb669c7,0xaf4a2bb6ecc05a311a5eb3023133ff503e2b4e40,0x22b6c31c2beb8f2d0d5373146eed41ab9ede3caf,0x39fb7af42ef12d92a0d577ca44cd54a0f24c4915,20686725948.0,CocktailBar,COC,8,12,165881,19000000000,110519,513991,deprecated,4107808
135,11139963,2020-10-27 17:25:45,0x373d3aeb18eda0953adcc9640e8c573ac149e0fe59b6c112466275c8743b6047,251,0xc746c9e1707b462ff90194e44df188a92df03aa17ec975497d5d060acd51da5e,0xef035f52e5a8974adbf4380e020cd4a0a349c517,0xa866f0198208eb07c83081d5136be7f775c2399e,0xaf4a2bb6ecc05a311a5eb3023133ff503e2b4e40,7.534393974082639e+18,Kore,KORE,18,127,164340,63000000000,123840,9389488,deprecated,4044059
136,11140004,2020-10-27 17:34:11,0x58f09927f300e5d31b6c3974d57bb99a67172ecd0b15d61ce6e6c26df7ae395b,253,0x52f5c17c69a84a114c6d60fd28b1c9a56cf297b076ffff6a4721d8e068da7e16,0xef035f52e5a8974adbf4380e020cd4a0a349c517,0xa866f0198208eb07c83081d5136be7f775c2399e,0xaf4a2bb6ecc05a311a5eb3023133ff503e2b4e40,4.803323592635721e+18,Kore,KORE,18,24,161004,62000000000,108840,1466595,deprecated,4044018
137,11147405,2020-10-28 20:39:55,0x97059e5b505818378d789155bb56ed5999af198b5fb050fdc48735f986c9c8fe,256,0x86146766e1108bc0e5aa9f28bd975367a82c1fd17eeb4f03ea703920852a713a,0xaf4a2bb6ecc05a311a5eb3023133ff503e2b4e40,0xa866f0198208eb07c83081d5136be7f775c2399e,0x248fd59aba2c8e7184b23733b4b30d257770a99d,1.233771e+19,Kore,KORE,18,72,255946,17300000000,132182,11182373,deprecated,4036617
138,11147405,2020-10-28 20:39:55,0x97059e5b505818378d789155bb56ed5999af198b5fb050fdc48735f986c9c8fe,256,0x86146766e1108bc0e5aa9f28bd975367a82c1fd17eeb4f03ea703920852a713a,0x248fd59aba2c8e7184b23733b4b30d257770a99d,0x0ab5b06cc83db3638d296735e498087d598b296b,0xaf4a2bb6ecc05a311a5eb3023133ff503e2b4e40,1.233771e+19,Wrapped KORE,WKORE,18,72,255946,17300000000,132182,11182373,deprecated,4036617
139,11147436,2020-10-28 20:47:16,0xfb3a5e843b87c7d2ebb8eaeb56845d46f8bfb6b4396813986e24fd413fb1b1f2,259,0x8c84381bd901c029116c256fb88204cbf027000b3e3363f5a219d5b09cd869fe,0xaf4a2bb6ecc05a311a5eb3023133ff503e2b4e40,0x0ab5b06cc83db3638d296735e498087d598b296b,0xe5beb064d95c440b067acab01ea4f752b32f63a2,1.233771e+19,Wrapped KORE,WKORE,18,109,188967,18000000000,110978,10999149,deprecated,4036586
