,blockNumber,timeStamp,hash,nonce,blockHash,from,contractAddress,to,value,tokenName,tokenSymbol,tokenDecimal,transactionIndex,gas,gasPrice,gasUsed,cumulativeGasUsed,input,confirmations
0,10777784,2020-09-01 21:39:26,0xdf04937af8964c0d9a81b30b7d42b8bdf0535477ffafa92425a0f7dbad8b9fcf,5058204,0xa2610ca00e8ba0a326b02b06dcccf8cc02153e53f6e93082bd3c2fc56db5dad3,0x3f5ce5fbfe3e9af3971dd833d26ba9b5c936f0be,0x6b3595068778dd592e39a122f4f5a5cf09c90fe2,0x3619c6eb1ba194fb81f5a23e6f8ff9a836aa6b32,1.32e+20,SushiToken,SUSHI,18,24,173612,576000000000,51169,1617957,deprecated,4406185
1,10777921,2020-09-01 22:04:32,0xf907e673adac6b63e815b129d05f9b56ef127ecb738e1d876cb6d1c5b7c7fa13,1,0xf1aaa81fb0d02522b7d331dd39c84080104779ab646485fff01cd6ce7f3d47b4,0x3619c6eb1ba194fb81f5a23e6f8ff9a836aa6b32,0x6b3595068778dd592e39a122f4f5a5cf09c90fe2,0xce84867c3c02b05dc570d0135103d3fb9cc19433,1.32e+20,SushiToken,SUSHI,18,103,155050,400000000000,100673,9098670,deprecated,4406048
2,10778026,2020-09-01 22:23:25,0xbe90a0d6f69fed57effba7d6b8e4f7026cb76f3f165c0d624abf5e86d8bee330,2,0xd736d609b530ebaa0792aba829cbc819deb39e91135bf527ff2a004973e15473,0xe0b1433e0174b47e8879ee387f1069a0dbf94137,0x3505f494c3f0fed0b594e01fa41dd3967645ca39,0x3619c6eb1ba194fb81f5a23e6f8ff9a836aa6b32,2.558444978973033e+22,SWARM,SWM,18,103,165103,400000000000,124524,12438650,deprecated,4405943
3,11510139,2020-12-23 13:36:47,0x0ed7d6c3f4bcf7fd3807948cde000d12f753e770175c2c0c4f37e44a56f7dbd9,4,0x29a365865acfb4ba1e0f4655920aa4a63909efcbb8ffcb45e2f7a444f561fcf4,0x64cac8fa24f437ceca90e20a7a24a609f162b0d1,0x362bc847a3a9637d3af6624eec853618a43ed7d2,0x3619c6eb1ba194fb81f5a23e6f8ff9a836aa6b32,9.084008733868025e+20,Parsiq Token,PRQ,18,188,154432,86000001459,114974,12021228,deprecated,3673830
4,11616363,2021-01-08 20:53:03,0xeb9c0d67f4983cd221f66dcdeedce13810daace743752eb8aab3829b845e4031,5,0x3eb81ecd7316758af854c8f0aed6f664000b50ce7e827895d7d5a1c57734a664,0x21b8065d10f73ee2e260e5b47d3344d3ced7596e,0x66a0f676479cee1d7373f3dc2e2952778bff5bd6,0x3619c6eb1ba194fb81f5a23e6f8ff9a836aa6b32,1.6350284642807469e+21,Wise Token,WISE,18,134,164866,120000000000,124312,11250179,deprecated,3567606
5,11688098,2021-01-19 21:07:50,0x0e323eb75423d662c6c6736f7f6eb16c012ab01621fe0ff544587a1d0fec7ef2,7,0x2affd5b11476b28419075c042c034318f39aeb3da0eb131c9f5d46eb9b6c1834,0x3619c6eb1ba194fb81f5a23e6f8ff9a836aa6b32,0x66a0f676479cee1d7373f3dc2e2952778bff5bd6,0x21b8065d10f73ee2e260e5b47d3344d3ced7596e,1.6350284642807469e+21,Wise Token,WISE,18,187,218469,59000000000,173075,12071443,deprecated,3495871
6,11688098,2021-01-19 21:07:50,0x0e323eb75423d662c6c6736f7f6eb16c012ab01621fe0ff544587a1d0fec7ef2,7,0x2affd5b11476b28419075c042c034318f39aeb3da0eb131c9f5d46eb9b6c1834,0xb38be7fd90669abcdfb314dbddf6143aa88d3110,0xc3771d47e2ab5a519e2917e61e23078d0c05ed7f,0x3619c6eb1ba194fb81f5a23e6f8ff9a836aa6b32,1.2852447007680982e+22,Gather,GTH,18,187,218469,59000000000,173075,12071443,deprecated,3495871
7,11718224,2021-01-24 12:10:19,0x85ab38a4c6eaa8dde89f3f6351c355db48c268dfeb02fa469426814ea7f5769b,8,0xf64b73ddec527962e9f8ba829fc634821a952da6cf232a16f80fa9e8cc4e9ed6,0xc3f6486d0ecae8038b37aaef1c39e2a12dcb4423,0xd9ec3ff1f8be459bb9369b4e79e9ebcf7141c093,0x3619c6eb1ba194fb81f5a23e6f8ff9a836aa6b32,1.017515938728957e+23,KardiaChain Token,KAI,18,195,166798,64380000000,126040,12322769,deprecated,3465745
8,11769570,2021-02-01 09:42:15,0x10430fbc3f0ead7f78c1e64af84e11e8a997621af614a7628436750a548039a3,9,0x56abca3482212d33eaab601c05ef80398e66d82e000ef54f4d19c20902de0e42,0xcabebc0c5a9d6522640d81c22975ca31b8f8ff48,0x24e3794605c84e580eea4972738d633e8a7127c8,0x3619c6eb1ba194fb81f5a23e6f8ff9a836aa6b32,7.773521748845118e+21,Katalyo Token,KTLYO,18,33,165235,130000000000,124642,2848691,deprecated,3414399
9,11954381,2021-03-01 20:05:50,0xc2dcdad90879eca34b27c54427303b1e14b471a30e14f31e4061ede4d00fbbd6,13,0xad10c50aa0fdd1769e851c0413e1d185d373fffb0fd4458c4a960e3466489e0b,0x3619c6eb1ba194fb81f5a23e6f8ff9a836aa6b32,0x362bc847a3a9637d3af6624eec853618a43ed7d2,0x64cac8fa24f437ceca90e20a7a24a609f162b0d1,9.084008733868025e+20,Parsiq Token,PRQ,18,127,197184,125400000000,141955,11972075,deprecated,3229588
10,11954381,2021-03-01 20:05:50,0xc2dcdad90879eca34b27c54427303b1e14b471a30e14f31e4061ede4d00fbbd6,13,0xad10c50aa0fdd1769e851c0413e1d185d373fffb0fd4458c4a960e3466489e0b,0xc3f6486d0ecae8038b37aaef1c39e2a12dcb4423,0xd9ec3ff1f8be459bb9369b4e79e9ebcf7141c093,0x3619c6eb1ba194fb81f5a23e6f8ff9a836aa6b32,3.800364326905676e+22,KardiaChain Token,KAI,18,127,197184,125400000000,141955,11972075,deprecated,3229588
11,11954396,2021-03-01 20:08:00,0x821b768a27fee6b452bf2435bdcddbb4a5d4650b001ef6aa878af2de6364574d,14,0x39d8c20a1a20eae3f94c112d28cedce0c46ee70f798f063149ce13a0c1e9c00e,0xc3f6486d0ecae8038b37aaef1c39e2a12dcb4423,0xd9ec3ff1f8be459bb9369b4e79e9ebcf7141c093,0x3619c6eb1ba194fb81f5a23e6f8ff9a836aa6b32,6.363478617877083e+22,KardiaChain Token,KAI,18,97,150036,122000000000,111040,11703798,deprecated,3229573
12,12006670,2021-03-09 21:09:00,0xf7c3c8df95edd4324a7bc4bce048898857f6ca3418133132193aef9d23d601ec,15,0xd5d1fc3ffd86ac97af3cb19fea0c8f3e74bd5099c4ef2e3c249e2b3df8b19568,0x3619c6eb1ba194fb81f5a23e6f8ff9a836aa6b32,0x3505f494c3f0fed0b594e01fa41dd3967645ca39,0xe0b1433e0174b47e8879ee387f1069a0dbf94137,2.558444978973033e+22,SWARM,SWM,18,136,222576,102300000000,176755,9518780,deprecated,3177299
13,12006670,2021-03-09 21:09:00,0xf7c3c8df95edd4324a7bc4bce048898857f6ca3418133132193aef9d23d601ec,15,0xd5d1fc3ffd86ac97af3cb19fea0c8f3e74bd5099c4ef2e3c249e2b3df8b19568,0x1e0693f129d05e5857a642245185ee1fca6a5096,0x793786e2dd4cc492ed366a94b88a3ff9ba5e7546,0x3619c6eb1ba194fb81f5a23e6f8ff9a836aa6b32,1.833581377230236e+21,AXIA TOKEN (axiaprotocol.io),AXIAv3,18,136,222576,102300000000,176755,9518780,deprecated,3177299
14,12076117,2021-03-20 14:05:16,0xf1f22fc156926968255aeeacf566f7622164d502ff8f0234559a655c5f7d56e4,18,0x58fcc80018377711186b9bbafca4fd26e3b4b768735748f6604a67e28e40400a,0x3619c6eb1ba194fb81f5a23e6f8ff9a836aa6b32,0xd9ec3ff1f8be459bb9369b4e79e9ebcf7141c093,0xc3f6486d0ecae8038b37aaef1c39e2a12dcb4423,1e+22,KardiaChain Token,KAI,18,206,220916,138000000000,190292,10879209,deprecated,3107852
15,12076117,2021-03-20 14:05:16,0xf1f22fc156926968255aeeacf566f7622164d502ff8f0234559a655c5f7d56e4,18,0x58fcc80018377711186b9bbafca4fd26e3b4b768735748f6604a67e28e40400a,0x2c1564290f52206bc396131ba5a5cf4cd2343a28,0xeb9951021698b42e4399f9cbb6267aa35f82d59d,0x3619c6eb1ba194fb81f5a23e6f8ff9a836aa6b32,1.856339590096356e+21,Lif,LIF,18,206,220916,138000000000,190292,10879209,deprecated,3107852
16,12076167,2021-03-20 14:16:12,0x083fc1467f3c4670c2d3e2e9bd26b7220ed2a1a03d8be98165b3840cf87ed762,21,0x732328d435896e115af56f7f46c187731df7f0e7230f2ebbb3c3c32b3f00bab1,0x3619c6eb1ba194fb81f5a23e6f8ff9a836aa6b32,0xd9ec3ff1f8be459bb9369b4e79e9ebcf7141c093,0xc3f6486d0ecae8038b37aaef1c39e2a12dcb4423,1e+22,KardiaChain Token,KAI,18,215,224376,138000001459,193388,9819661,deprecated,3107802
17,12076167,2021-03-20 14:16:12,0x083fc1467f3c4670c2d3e2e9bd26b7220ed2a1a03d8be98165b3840cf87ed762,21,0x732328d435896e115af56f7f46c187731df7f0e7230f2ebbb3c3c32b3f00bab1,0x608095446de5500937d50fff7f0f39e307e7a62a,0xc12ecee46ed65d970ee5c899fcc7ae133aff9b03,0x3619c6eb1ba194fb81f5a23e6f8ff9a836aa6b32,7.99372190148193e+19,TRYfinance,TRY,18,215,224376,138000001459,193388,9819661,deprecated,3107802
18,12077555,2021-03-20 19:19:28,0x20f6c59af82f0718f0920bc1a4c0e4cb6816ec5c14b6dc9f7adeaeb3457b623d,27,0xf1b4d7a467162929328ca632e3865c555fadd9b862d95703d9792dfd49fb52e9,0x3619c6eb1ba194fb81f5a23e6f8ff9a836aa6b32,0x24e3794605c84e580eea4972738d633e8a7127c8,0xcabebc0c5a9d6522640d81c22975ca31b8f8ff48,7.773521748845118e+21,Katalyo Token,KTLYO,18,110,217825,110000000000,172507,9942130,deprecated,3106414
19,12077555,2021-03-20 19:19:28,0x20f6c59af82f0718f0920bc1a4c0e4cb6816ec5c14b6dc9f7adeaeb3457b623d,27,0xf1b4d7a467162929328ca632e3865c555fadd9b862d95703d9792dfd49fb52e9,0x51fe8e8fa3f9f10288fa8c2aff1400f887d21c42,0x4a527d8fc13c5203ab24ba0944f4cb14658d1db6,0x3619c6eb1ba194fb81f5a23e6f8ff9a836aa6b32,4.763271980082673e+22,Morpheus Infrastructure Token,MITx,18,110,217825,110000000000,172507,9942130,deprecated,3106414
20,12077871,2021-03-20 20:26:18,0x0485c47f715345135a2bbf9b53f40e31e26c0db759cb25cfa74b840fcb6ca3a7,29,0x3e54632d27da894391bd89d23c3b9a4d36eb2d4675eb5c7f052021624789d27b,0x3619c6eb1ba194fb81f5a23e6f8ff9a836aa6b32,0xd9ec3ff1f8be459bb9369b4e79e9ebcf7141c093,0x0eccc7f7cdef46d9a856f4e2cffc049955dded21,1.833900233207233e+23,KardiaChain Token,KAI,18,74,99002,120000000000,69001,5645355,deprecated,3106098
21,12291556,2021-04-22 18:13:58,0x17eccb1f96be573cfc1541d304b9c9f32b2074e1bfa88686f6d78b371bd4b7eb,32,0x4dbe0b3a00dd071bc5ca4e4a94c9b5e763b232837b4d02dfc4f159097eefc955,0x3619c6eb1ba194fb81f5a23e6f8ff9a836aa6b32,0xeb9951021698b42e4399f9cbb6267aa35f82d59d,0x2c1564290f52206bc396131ba5a5cf4cd2343a28,1.856339590096356e+21,Lif,LIF,18,202,158035,165000000000,104087,12900026,deprecated,2892413
22,12291562,2021-04-22 18:15:11,0x3bc2f0ce24af93e3b90de27d3dc226ab7c5afdeaa2da2481d28e137caa5a9450,34,0x30f56f0531b5cb5b80dff7717da15d54ddd9acd162e18301038d5a1a9437bb68,0x3619c6eb1ba194fb81f5a23e6f8ff9a836aa6b32,0xc12ecee46ed65d970ee5c899fcc7ae133aff9b03,0x608095446de5500937d50fff7f0f39e307e7a62a,4e+19,TRYfinance,TRY,18,191,220313,165000000000,191972,8548511,deprecated,2892407
23,12291562,2021-04-22 18:15:11,0x3bc2f0ce24af93e3b90de27d3dc226ab7c5afdeaa2da2481d28e137caa5a9450,34,0x30f56f0531b5cb5b80dff7717da15d54ddd9acd162e18301038d5a1a9437bb68,0xce9f32b72565759d3eea29facb3d511ce45b43c7,0xc1fa06e8596c3fa98ccd2113c38b6b60b6efa00d,0x3619c6eb1ba194fb81f5a23e6f8ff9a836aa6b32,1.3008667098823597e+30,Erotica,EROTICA,18,191,220313,165000000000,191972,8548511,deprecated,2892407
24,12314495,2021-04-26 07:08:24,0xe62360cbe36fa691db7c880bea17022937fad8be118bd5dfb8493907e90d2e04,35,0x73b2eb9da6057093775b5b4c1217003d22dd0f2a464969558c604f37577f44a2,0x3619c6eb1ba194fb81f5a23e6f8ff9a836aa6b32,0xc12ecee46ed65d970ee5c899fcc7ae133aff9b03,0x608095446de5500937d50fff7f0f39e307e7a62a,3.99372190148193e+19,TRYfinance,TRY,18,173,220418,42040000000,177067,13995904,deprecated,2869474
25,12314495,2021-04-26 07:08:24,0xe62360cbe36fa691db7c880bea17022937fad8be118bd5dfb8493907e90d2e04,35,0x73b2eb9da6057093775b5b4c1217003d22dd0f2a464969558c604f37577f44a2,0x2c5789ec5fc0b9c1466214026dfc50cf8e52f71e,0x3655c4f5de2b93a6090b31c42dcc488938fa8a60,0x3619c6eb1ba194fb81f5a23e6f8ff9a836aa6b32,8.469954194625594e+30,Quagmire,GIGITY,18,173,220418,42040000000,177067,13995904,deprecated,2869474
26,12330773,2021-04-28 19:13:07,0xcae7208c034e7dd624c620628a42820c32f6ea9f4e00a90d377d8cd21a67257c,37,0x15560e3bc2fb52efafb73979e62fc55968bb84fd57ca4f4e95abe998b04dadd0,0x05cc2e064e0b48e46015ead9961f1391d74e5f83,0x297d33e17e61c2ddd812389c2105193f8348188a,0x3619c6eb1ba194fb81f5a23e6f8ff9a836aa6b32,1.1e+21,Strudel Finance,$TRDL,18,172,166994,83750000000,127229,11844982,deprecated,2853196
27,12331208,2021-04-28 20:54:44,0x2a27d6ee4f9fffb53357bc7db3a0239d0c88352d667ed7c32386a28da411c9da,38,0xa1e6bb048031e0a7c554190dfdde53726153af71ab0545cffd6398c1a30d203b,0x3619c6eb1ba194fb81f5a23e6f8ff9a836aa6b32,0x3655c4f5de2b93a6090b31c42dcc488938fa8a60,0x2c5789ec5fc0b9c1466214026dfc50cf8e52f71e,8.469954194625594e+30,Quagmire,GIGITY,18,22,191290,79200000000,150753,884361,deprecated,2852761
28,12331208,2021-04-28 20:54:44,0x2a27d6ee4f9fffb53357bc7db3a0239d0c88352d667ed7c32386a28da411c9da,38,0xa1e6bb048031e0a7c554190dfdde53726153af71ab0545cffd6398c1a30d203b,0x1e0693f129d05e5857a642245185ee1fca6a5096,0x793786e2dd4cc492ed366a94b88a3ff9ba5e7546,0x3619c6eb1ba194fb81f5a23e6f8ff9a836aa6b32,9.802609026290164e+19,AXIA TOKEN (axiaprotocol.io),AXIAv3,18,22,191290,79200000000,150753,884361,deprecated,2852761
29,12331370,2021-04-28 21:31:07,0xc954936a205886b8d9b0a5e4d08dfc7f555c482bbcc81910bd6915ab6a5b1014,40,0xc5a73d9c22aee41729e28020c6c70736ee76c30deec560ae997c678bdfeb9ac2,0x3619c6eb1ba194fb81f5a23e6f8ff9a836aa6b32,0x297d33e17e61c2ddd812389c2105193f8348188a,0x05cc2e064e0b48e46015ead9961f1391d74e5f83,1.1e+21,Strudel Finance,$TRDL,18,190,157736,72000000000,103815,10050762,deprecated,2852599
30,12331674,2021-04-28 22:42:40,0xd725ef29a142867b8e99b1795e208917a9992e0a0c55b42b9436d0d25e8704f8,41,0xc10301803eb5fee56ecb06500ac37bde6ab5d6be48272d1b126ef3b8fc940c10,0xc0897d6ba893e31f42f658eead777aa15b8f824d,0xb4d930279552397bba2ee473229f89ec245bc365,0x3619c6eb1ba194fb81f5a23e6f8ff9a836aa6b32,2.75e+20,MahaDAO,MAHA,18,289,168389,47000000000,128497,10729518,deprecated,2852295
31,12383220,2021-05-06 21:37:00,0x76877d27c9b9db050bb6ad8a8f6b8d380eb52f77f5cde71a2edfe5d6e823feec,47,0xcbaaf9f9b0c4938234cc0483732aceb0306eaa57adc6d5a3dc546873aa2b414d,0x3619c6eb1ba194fb81f5a23e6f8ff9a836aa6b32,0xb4d930279552397bba2ee473229f89ec245bc365,0xc0897d6ba893e31f42f658eead777aa15b8f824d,2.75e+20,MahaDAO,MAHA,18,283,186242,52000000000,146269,9381558,deprecated,2800749
32,12383220,2021-05-06 21:37:00,0x76877d27c9b9db050bb6ad8a8f6b8d380eb52f77f5cde71a2edfe5d6e823feec,47,0xcbaaf9f9b0c4938234cc0483732aceb0306eaa57adc6d5a3dc546873aa2b414d,0xce9f32b72565759d3eea29facb3d511ce45b43c7,0xc1fa06e8596c3fa98ccd2113c38b6b60b6efa00d,0x3619c6eb1ba194fb81f5a23e6f8ff9a836aa6b32,7.213524384030905e+29,Erotica,EROTICA,18,283,186242,52000000000,146269,9381558,deprecated,2800749
33,12429025,2021-05-13 23:19:33,0x8b7aecec31b1cd3b3ea8b9681b331c20471466b8457d272b69d57c014de0f55f,50,0x89730b94a3e27f5a76a69303bbff8f9015d6f8bc0916cd4c5cfb5f8f2fe14254,0x3619c6eb1ba194fb81f5a23e6f8ff9a836aa6b32,0x793786e2dd4cc492ed366a94b88a3ff9ba5e7546,0x1e0693f129d05e5857a642245185ee1fca6a5096,1.9316074674931376e+21,AXIA TOKEN (axiaprotocol.io),AXIAv3,18,182,179931,141000000000,110361,8008010,deprecated,2754944
34,12429047,2021-05-13 23:25:14,0x4d4ddc85287c4ecc85ec2b3f9bfc13943c5966eafa06c7319a81fbe81f405cea,52,0x5420dc28424b512451b32cbb58746bea189366132aa154645c5ef12c34eb2dfa,0x3619c6eb1ba194fb81f5a23e6f8ff9a836aa6b32,0x4a527d8fc13c5203ab24ba0944f4cb14658d1db6,0x51fe8e8fa3f9f10288fa8c2aff1400f887d21c42,4.763271980082673e+22,Morpheus Infrastructure Token,MITx,18,127,254407,122600000000,177851,9251644,deprecated,2754922
35,12429047,2021-05-13 23:25:14,0x4d4ddc85287c4ecc85ec2b3f9bfc13943c5966eafa06c7319a81fbe81f405cea,52,0x5420dc28424b512451b32cbb58746bea189366132aa154645c5ef12c34eb2dfa,0x6f6e2080b10acd8e52c914fb5ac190ec00b3d805,0x4a6be56a211a4c4e0dd4474d524138933c17f3e3,0x3619c6eb1ba194fb81f5a23e6f8ff9a836aa6b32,2.6221179493202678e+17,Baby Shiba,BHIBA,9,127,254407,122600000000,177851,9251644,deprecated,2754922
36,12615038,2021-06-11 19:10:56,0xabcbe53a8dca4ac3ab367205d21f3df5f4ab9f276b5fce5e60c1ef7b01d2fbe8,54,0x82d48def99c1519ab93ca8d76922edcfd031248bc81a6ca3ea16b0d05e68959c,0x3619c6eb1ba194fb81f5a23e6f8ff9a836aa6b32,0x4a6be56a211a4c4e0dd4474d524138933c17f3e3,0x6f6e2080b10acd8e52c914fb5ac190ec00b3d805,2.6388534754442368e+17,Baby Shiba,BHIBA,9,134,260350,24000000000,209420,14672621,deprecated,2568931
37,12615038,2021-06-11 19:10:56,0xabcbe53a8dca4ac3ab367205d21f3df5f4ab9f276b5fce5e60c1ef7b01d2fbe8,54,0x82d48def99c1519ab93ca8d76922edcfd031248bc81a6ca3ea16b0d05e68959c,0x75001b3ffe0f77864c7dc64c55e1e22b205e4a07,0x45080a6531d671ddff20db42f93792a489685e32,0x3619c6eb1ba194fb81f5a23e6f8ff9a836aa6b32,5.115873948394757e+22,Finance.Vote Token,FVT,18,134,260350,24000000000,209420,14672621,deprecated,2568931
38,12615042,2021-06-11 19:11:58,0x2e299411bc3f71ecd38164a4fbba62878dc95701a5c05026ff01a9f3cf70b452,55,0x39058a908e55cc35c6c78f3e1c75eb78550580882b1feda82708c779a170702a,0x75001b3ffe0f77864c7dc64c55e1e22b205e4a07,0x45080a6531d671ddff20db42f93792a489685e32,0x3619c6eb1ba194fb81f5a23e6f8ff9a836aa6b32,1.7388545605358662e+23,Finance.Vote Token,FVT,18,182,157177,26000000000,105708,9057667,deprecated,2568927
39,12641279,2021-06-15 20:34:39,0x1957c92c5235bf7ccf095bee6a593da46ce21d9a64f5ba1a2f109f8e11151057,58,0xc05b96544e39c54b52d2cffd9cf9566e926bca3b532d18a50b3eb2e72c71c73d,0x3619c6eb1ba194fb81f5a23e6f8ff9a836aa6b32,0xc3771d47e2ab5a519e2917e61e23078d0c05ed7f,0xb38be7fd90669abcdfb314dbddf6143aa88d3110,1.2852447007680982e+22,Gather,GTH,18,7,201616,16500000000,134556,863547,deprecated,2542690
40,12641279,2021-06-15 20:34:39,0x1957c92c5235bf7ccf095bee6a593da46ce21d9a64f5ba1a2f109f8e11151057,58,0xc05b96544e39c54b52d2cffd9cf9566e926bca3b532d18a50b3eb2e72c71c73d,0xce9f32b72565759d3eea29facb3d511ce45b43c7,0xc1fa06e8596c3fa98ccd2113c38b6b60b6efa00d,0x3619c6eb1ba194fb81f5a23e6f8ff9a836aa6b32,5.908614092865558e+29,Erotica,EROTICA,18,7,201616,16500000000,134556,863547,deprecated,2542690
41,12641321,2021-06-15 20:44:58,0xebdfd60564466899550d8468a6c85f0c5eec3db90807b540e5f19660e1c794e5,60,0xd6c85e70088a4d2a92c7dc79665a8730a35529a0208ed99fc0bad610d290ccc6,0x3619c6eb1ba194fb81f5a23e6f8ff9a836aa6b32,0xc1fa06e8596c3fa98ccd2113c38b6b60b6efa00d,0xce9f32b72565759d3eea29facb3d511ce45b43c7,1.0917060978373215e+29,Erotica,EROTICA,18,172,171048,19000000000,117958,13716211,deprecated,2542648
42,12671074,2021-06-20 11:52:06,0x3b85ae3e0dc76262a76b01e3315435c69998325f1be960fc02e8e1c96c3ed4ce,62,0x883aec46eeb5674e7162edb8503ca39c3398682edf56933b8f5432955ebf636d,0x3619c6eb1ba194fb81f5a23e6f8ff9a836aa6b32,0x45080a6531d671ddff20db42f93792a489685e32,0x0000000000000000000000000000000000000000,1.08e+21,Finance.Vote Token,FVT,18,55,150000,13000000000,128797,3655900,deprecated,2512895
43,12678561,2021-06-21 15:56:33,0x365a7ce597922810f4cbec17c1998bc9efc832f56b2e125f3b682a3593f97ae7,63,0xe029925871ed59b311ae3c42f911ce1d9c8080d08315072c4910641ccd5049d1,0x3619c6eb1ba194fb81f5a23e6f8ff9a836aa6b32,0xc1fa06e8596c3fa98ccd2113c38b6b60b6efa00d,0xce9f32b72565759d3eea29facb3d511ce45b43c7,5.0390994778827385e+29,Erotica,EROTICA,18,48,205447,25500000000,163102,3433622,deprecated,2505408
44,12678561,2021-06-21 15:56:33,0x365a7ce597922810f4cbec17c1998bc9efc832f56b2e125f3b682a3593f97ae7,63,0xe029925871ed59b311ae3c42f911ce1d9c8080d08315072c4910641ccd5049d1,0x75001b3ffe0f77864c7dc64c55e1e22b205e4a07,0x45080a6531d671ddff20db42f93792a489685e32,0x3619c6eb1ba194fb81f5a23e6f8ff9a836aa6b32,8.412525293292222e+22,Finance.Vote Token,FVT,18,48,205447,25500000000,163102,3433622,deprecated,2505408
45,12735032,2021-06-30 11:21:24,0xd0953a82407e0f7ff1b3c7fd08adf61a10d75cd5f4ee85bc69964600b3df7d85,64,0x728e13332ab2962f00aede7c36b133bf0c361a02232eccf2efa231a74a495d1b,0x3619c6eb1ba194fb81f5a23e6f8ff9a836aa6b32,0xc1fa06e8596c3fa98ccd2113c38b6b60b6efa00d,0xce9f32b72565759d3eea29facb3d511ce45b43c7,5e+29,Erotica,EROTICA,18,187,205404,11000000000,163066,12380841,deprecated,2448937
46,12735032,2021-06-30 11:21:24,0xd0953a82407e0f7ff1b3c7fd08adf61a10d75cd5f4ee85bc69964600b3df7d85,64,0x728e13332ab2962f00aede7c36b133bf0c361a02232eccf2efa231a74a495d1b,0x75001b3ffe0f77864c7dc64c55e1e22b205e4a07,0x45080a6531d671ddff20db42f93792a489685e32,0x3619c6eb1ba194fb81f5a23e6f8ff9a836aa6b32,9.657496614699874e+22,Finance.Vote Token,FVT,18,187,205404,11000000000,163066,12380841,deprecated,2448937
47,12736229,2021-06-30 15:42:53,0x365d2425ba1a06046179c33bff329fc07f86bcdd3ba3f0ecdef311193f085205,65,0x72e7357a9e5e67106cde67344979f3f0d7423c976ecfece33fe5ac1ad9f329be,0x3619c6eb1ba194fb81f5a23e6f8ff9a836aa6b32,0xc1fa06e8596c3fa98ccd2113c38b6b60b6efa00d,0xce9f32b72565759d3eea29facb3d511ce45b43c7,1.5e+30,Erotica,EROTICA,18,110,224190,25300000000,163476,12466671,deprecated,2447740
48,12736229,2021-06-30 15:42:53,0x365d2425ba1a06046179c33bff329fc07f86bcdd3ba3f0ecdef311193f085205,65,0x72e7357a9e5e67106cde67344979f3f0d7423c976ecfece33fe5ac1ad9f329be,0xc0897d6ba893e31f42f658eead777aa15b8f824d,0xb4d930279552397bba2ee473229f89ec245bc365,0x3619c6eb1ba194fb81f5a23e6f8ff9a836aa6b32,9.002863957850882e+20,MahaDAO,MAHA,18,110,224190,25300000000,163476,12466671,deprecated,2447740
49,12741478,2021-07-01 11:27:07,0x9e884095c62a16f47435a3b72a59e991c7da00efe4b75ac515e0d9b07419f04b,66,0x9af7850b2c4f613468a013283ea30d686c44f1e30993482fed54562b329fb22e,0x3619c6eb1ba194fb81f5a23e6f8ff9a836aa6b32,0xb4d930279552397bba2ee473229f89ec245bc365,0xc0897d6ba893e31f42f658eead777aa15b8f824d,9.002863957850882e+20,MahaDAO,MAHA,18,96,208045,12000000000,150267,11240197,deprecated,2442491
50,12741478,2021-07-01 11:27:07,0x9e884095c62a16f47435a3b72a59e991c7da00efe4b75ac515e0d9b07419f04b,66,0x9af7850b2c4f613468a013283ea30d686c44f1e30993482fed54562b329fb22e,0x75001b3ffe0f77864c7dc64c55e1e22b205e4a07,0x45080a6531d671ddff20db42f93792a489685e32,0x3619c6eb1ba194fb81f5a23e6f8ff9a836aa6b32,2.3001618610518992e+23,Finance.Vote Token,FVT,18,96,208045,12000000000,150267,11240197,deprecated,2442491
51,12751119,2021-07-02 23:17:42,0x9996aea4698bcd455012eab6d261793eef96acc71e8827310aec6d8b8e34ea47,68,0x826886213fc4211d5a639afc85f1babe458f4b3a92f3c8cd8faad10a812acd95,0x3619c6eb1ba194fb81f5a23e6f8ff9a836aa6b32,0x45080a6531d671ddff20db42f93792a489685e32,0x75001b3ffe0f77864c7dc64c55e1e22b205e4a07,1.3468060072264506e+23,Finance.Vote Token,FVT,18,123,290786,10000000000,233147,7361808,deprecated,2432850
52,12751119,2021-07-02 23:17:42,0x9996aea4698bcd455012eab6d261793eef96acc71e8827310aec6d8b8e34ea47,68,0x826886213fc4211d5a639afc85f1babe458f4b3a92f3c8cd8faad10a812acd95,0x30ac70e2dc5092f64031685bb23d50f782c27566,0xb1f4b66104353ec63d8d59d3da42c0b4fb06e7f3,0x3619c6eb1ba194fb81f5a23e6f8ff9a836aa6b32,5.305093567422595e+17,Floki Inu,FLOKI,9,123,290786,10000000000,233147,7361808,deprecated,2432850
53,12760400,2021-07-04 10:01:21,0xb51c12701d235bff8cd52bc9d6c64ddf73f465f3f8b988edcf54098ec65f1822,71,0x9a105bb1fd2943ad1cef93ba0dd7cd64cc2a83261cae1e404156de45498afe6d,0x3619c6eb1ba194fb81f5a23e6f8ff9a836aa6b32,0xb1f4b66104353ec63d8d59d3da42c0b4fb06e7f3,0x30ac70e2dc5092f64031685bb23d50f782c27566,6.516260731966207e+17,Floki Inu,FLOKI,9,173,399127,10000000000,267134,11732487,deprecated,2423569
54,12760411,2021-07-04 10:04:33,0xccfd40726056655a8fc8aee455c27ff6426221bd92fd32c37c98a984dca9c4ed,72,0xac5f63cebf5e95d67926fabbc5b74d6536e2989ddb22c789f4bd71aac3cc0c78,0xfbbb2f9560b3d1269cc92c0aaaff109f46e57b78,0x3fa1216ca613497d038ef0ef680b4a6b3f7b5f7d,0x3619c6eb1ba194fb81f5a23e6f8ff9a836aa6b32,6.287796968694511e+18,ANDROTTWEILER,ANDROTTWEILER,9,185,239424,10000000000,173176,11860118,deprecated,2423558
55,12769666,2021-07-05 20:31:09,0x6d1e71787511fb324dbb487fa7bd7c3cd616c2c841ae4a14fd9a8a17a8a8d185,75,0x4989dc934f632650fa5076c450f25d10c7ba3b5a65303756155bebc71544c849,0x3619c6eb1ba194fb81f5a23e6f8ff9a836aa6b32,0x3fa1216ca613497d038ef0ef680b4a6b3f7b5f7d,0xfbbb2f9560b3d1269cc92c0aaaff109f46e57b78,6.913225175423365e+18,ANDROTTWEILER,ANDROTTWEILER,9,61,448329,14313101666,315340,5656669,deprecated,2414303
56,12769666,2021-07-05 20:31:09,0x6d1e71787511fb324dbb487fa7bd7c3cd616c2c841ae4a14fd9a8a17a8a8d185,75,0x4989dc934f632650fa5076c450f25d10c7ba3b5a65303756155bebc71544c849,0x75001b3ffe0f77864c7dc64c55e1e22b205e4a07,0x45080a6531d671ddff20db42f93792a489685e32,0x3619c6eb1ba194fb81f5a23e6f8ff9a836aa6b32,3.0670614395421866e+23,Finance.Vote Token,FVT,18,61,448329,14313101666,315340,5656669,deprecated,2414303
57,12772963,2021-07-06 08:55:26,0x49ed40b4015c37de6c5106d6b4e6656849a1c1b8023bae343cd593ad16b9b0f8,76,0x81b08740eac85b345e341fd48893ccde7a5980abcc6d9dd66c2eb5a96dcf399d,0x3619c6eb1ba194fb81f5a23e6f8ff9a836aa6b32,0x45080a6531d671ddff20db42f93792a489685e32,0x75001b3ffe0f77864c7dc64c55e1e22b205e4a07,2.0670614395421867e+23,Finance.Vote Token,FVT,18,5,224556,53000000000,168401,556214,deprecated,2411006
58,12772963,2021-07-06 08:55:26,0x49ed40b4015c37de6c5106d6b4e6656849a1c1b8023bae343cd593ad16b9b0f8,76,0x81b08740eac85b345e341fd48893ccde7a5980abcc6d9dd66c2eb5a96dcf399d,0xce9f32b72565759d3eea29facb3d511ce45b43c7,0xc1fa06e8596c3fa98ccd2113c38b6b60b6efa00d,0x3619c6eb1ba194fb81f5a23e6f8ff9a836aa6b32,2.0129001044302095e+30,Erotica,EROTICA,18,5,224556,53000000000,168401,556214,deprecated,2411006
59,12773206,2021-07-06 09:56:28,0x47f13dd58d4c3dc3c50c46796c7f7959fae4dd027098d9aa61e8543c3fe28144,77,0x438deb24bb72436e445e5506d6f85c62f109f8931d17f3024b12fc230fe74fa2,0x3619c6eb1ba194fb81f5a23e6f8ff9a836aa6b32,0xc1fa06e8596c3fa98ccd2113c38b6b60b6efa00d,0xce9f32b72565759d3eea29facb3d511ce45b43c7,2.0129001044302095e+30,Erotica,EROTICA,18,182,205447,87500000000,148102,14873291,deprecated,2410763
60,12773206,2021-07-06 09:56:28,0x47f13dd58d4c3dc3c50c46796c7f7959fae4dd027098d9aa61e8543c3fe28144,77,0x438deb24bb72436e445e5506d6f85c62f109f8931d17f3024b12fc230fe74fa2,0x75001b3ffe0f77864c7dc64c55e1e22b205e4a07,0x45080a6531d671ddff20db42f93792a489685e32,0x3619c6eb1ba194fb81f5a23e6f8ff9a836aa6b32,1.819804047647251e+23,Finance.Vote Token,FVT,18,182,205447,87500000000,148102,14873291,deprecated,2410763
61,12776727,2021-07-06 22:58:59,0x6d036aba35d4a7fb6bad8c5134c546dc74d967745ce86192318707831000ec11,78,0xb552b6899051e5a63f6fe2452c82d08a9d7bc2b3d47049c5a14182eddb01e39d,0x3619c6eb1ba194fb81f5a23e6f8ff9a836aa6b32,0x45080a6531d671ddff20db42f93792a489685e32,0x75001b3ffe0f77864c7dc64c55e1e22b205e4a07,1.819804047647251e+23,Finance.Vote Token,FVT,18,161,269955,59400000000,216059,10665151,deprecated,2407242
62,12776727,2021-07-06 22:58:59,0x6d036aba35d4a7fb6bad8c5134c546dc74d967745ce86192318707831000ec11,78,0xb552b6899051e5a63f6fe2452c82d08a9d7bc2b3d47049c5a14182eddb01e39d,0xfbbb2f9560b3d1269cc92c0aaaff109f46e57b78,0x3fa1216ca613497d038ef0ef680b4a6b3f7b5f7d,0x3619c6eb1ba194fb81f5a23e6f8ff9a836aa6b32,4.327678990331038e+18,ANDROTTWEILER,ANDROTTWEILER,9,161,269955,59400000000,216059,10665151,deprecated,2407242
63,12786128,2021-07-08 10:17:27,0x15cda402dba8f581b840162c7c6060d769365c80fe53dcc5309b3bf6003d4d24,0,0x931168bf77edda4b9c9ba3f613c75a26a509bd2ddf4be5d58849fb9f87cfce54,0xd1917932a7db6af687b523d5db5d7f5c2734763f,0x2de72ada48bdf7bac276256d3f016fe058490c34,0x3619c6eb1ba194fb81f5a23e6f8ff9a836aa6b32,12981554533700.0,FLOKI,FLOKI,9,20,7339434,29500000000,7110721,8229177,deprecated,2397841
64,12813946,2021-07-12 17:57:36,0x15c5adc4bddd15f6d8722afada97d1e4a2826078d5eff56672dfef2f0990428f,80,0x28960de8c94c51343336c670b9b5d8d633234ac6828824fc29800a95e95d906c,0xfbbb2f9560b3d1269cc92c0aaaff109f46e57b78,0x3fa1216ca613497d038ef0ef680b4a6b3f7b5f7d,0x3619c6eb1ba194fb81f5a23e6f8ff9a836aa6b32,3.0908511865271576e+16,ANDROTTWEILER,ANDROTTWEILER,9,126,218564,32000000000,156064,12543661,deprecated,2370023
65,12813949,2021-07-12 17:58:05,0xc18e30fb0639edc9efbbf2ae41ab2516fc24922a2c77bb84d1320d9e14ed8c42,81,0xe4a4d777c656afec34ccd389cdf1c828329d5aa5a3602bad8bf2bed6ab112945,0xfbbb2f9560b3d1269cc92c0aaaff109f46e57b78,0x3fa1216ca613497d038ef0ef680b4a6b3f7b5f7d,0x3619c6eb1ba194fb81f5a23e6f8ff9a836aa6b32,3.046932520886273e+16,ANDROTTWEILER,ANDROTTWEILER,9,25,205867,32000000000,156064,2127585,deprecated,2370020
66,12813950,2021-07-12 17:58:07,0xdb1a2d78167d35190593b7df05054d5466d40bbaa05364e19f227983ea3c559b,82,0x229fe3a31afd41f012d1bd4dded490c1d5e243c4a4b47cee788658ec4317930e,0xfbbb2f9560b3d1269cc92c0aaaff109f46e57b78,0x3fa1216ca613497d038ef0ef680b4a6b3f7b5f7d,0x3619c6eb1ba194fb81f5a23e6f8ff9a836aa6b32,3.1077315528650572e+16,ANDROTTWEILER,ANDROTTWEILER,9,116,205867,32000000000,145648,10571086,deprecated,2370019
67,12821511,2021-07-13 22:40:11,0xfa3ae636009671acbce9a7deb9ac5ac40aedcabc2bedeefbf377a3e33b8165fb,2,0x396b092770e35c3b5a62fdff4bbd9bb64758533040dfe35e5dfff3ebbefff5cf,0x1950163c24ebc3cb47572dbf3d7b6e1370610fa5,0xa8c16fbecf1ae1bc1dcc87e6892f18f777e92c69,0x3619c6eb1ba194fb81f5a23e6f8ff9a836aa6b32,7.22054419582687e+18,ANDROTTWEILER,ANDROT,9,16,7811082,31000000000,6207342,6543342,deprecated,2362458
68,12987883,2021-08-09 01:07:08,0xabda494d402a050dea1a99275f22f3dd3d11ef2effe95875f76756e509525e52,290,0x2528bce1233ed91f67fefbec91d552a2d3e734052f02e22ae077f79047bfc804,0x2b9d5c7f2ead1a221d771fb6bb5e35df04d60ab0,0x43f11c02439e2736800433b4594994bd43cd066d,0x3619c6eb1ba194fb81f5a23e6f8ff9a836aa6b32,13751854910532.0,FLOKI,FLOKI,9,187,6427631,46000000000,5215768,19570530,deprecated,2196086
69,13416731,2021-10-14 14:00:33,0xdf6778484e912c116e85ff7d8ac581f8ef0a2a4f807d30de058c0d924cfacb1f,86,0xebe0b8888a6223111a932b3d60c3be7653a7112c90f6d3e1294278ffa7118670,0x18112da8f2d6576926fcfb4d2c511fe9c6f8b2b5,0xd8e3fb3b08eba982f2754988d70d57edc0055ae6,0x3619c6eb1ba194fb81f5a23e6f8ff9a836aa6b32,4000000000.0,Zoracles,ZORA,9,299,190791,92709898023,134409,17559199,deprecated,1767238
70,13416763,2021-10-14 14:07:31,0x87539e881b894a8bfcd993761c813da0ae6691f0ecc318cdaffaf941f15d3a45,87,0xf57e95310053a2adea3234c84936d62197fc108b83f900c71ba9eb703703f666,0x3619c6eb1ba194fb81f5a23e6f8ff9a836aa6b32,0x45080a6531d671ddff20db42f93792a489685e32,0x75001b3ffe0f77864c7dc64c55e1e22b205e4a07,2e+23,Finance.Vote Token,FVT,18,318,227166,128388777139,181065,20579496,deprecated,1767206
71,13416763,2021-10-14 14:07:31,0x87539e881b894a8bfcd993761c813da0ae6691f0ecc318cdaffaf941f15d3a45,87,0xf57e95310053a2adea3234c84936d62197fc108b83f900c71ba9eb703703f666,0xc0897d6ba893e31f42f658eead777aa15b8f824d,0xb4d930279552397bba2ee473229f89ec245bc365,0x3619c6eb1ba194fb81f5a23e6f8ff9a836aa6b32,9.28410165909249e+20,MahaDAO,MAHA,18,318,227166,128388777139,181065,20579496,deprecated,1767206
72,13455675,2021-10-20 16:28:22,0x544dfd2b9ab958e05b0f29a0aa83bc0b167230475c52538eff3351436e5238cf,89,0x23cbc0cb846bbfeaa4b5f1b02b9e07f21d7cb736c94820628cbcba6d147ee6d3,0x3619c6eb1ba194fb81f5a23e6f8ff9a836aa6b32,0xd8e3fb3b08eba982f2754988d70d57edc0055ae6,0x18112da8f2d6576926fcfb4d2c511fe9c6f8b2b5,4000000000.0,Zoracles,ZORA,9,264,236779,108865794572,184134,18372707,deprecated,1728294
73,13455675,2021-10-20 16:28:22,0x544dfd2b9ab958e05b0f29a0aa83bc0b167230475c52538eff3351436e5238cf,89,0x23cbc0cb846bbfeaa4b5f1b02b9e07f21d7cb736c94820628cbcba6d147ee6d3,0x29a9777da2bacd8c4a28b6fd8247c4ca4f098f12,0x875773784af8135ea0ef43b5a374aad105c5d39e,0x3619c6eb1ba194fb81f5a23e6f8ff9a836aa6b32,4.3903634693359305e+20,Idle,IDLE,18,264,236779,108865794572,184134,18372707,deprecated,1728294
74,13482171,2021-10-24 20:02:25,0x2a6d6a377bcbc3bcb1a365bb1b4ccad5a0afaad11f21cbebe9cd6c59d782dc2b,91,0x15a698df70d756fe76701c3e873e7fee429cbcdc4b77a899c4a21934458da817,0x3619c6eb1ba194fb81f5a23e6f8ff9a836aa6b32,0x45080a6531d671ddff20db42f93792a489685e32,0x75001b3ffe0f77864c7dc64c55e1e22b205e4a07,2e+23,Finance.Vote Token,FVT,18,79,174132,86533415696,120528,6171572,deprecated,1701798
75,13482186,2021-10-24 20:04:17,0x17f8deb9e832280dc2624e7fae5729c6295493e4ce889843c7f1977aa796b6aa,92,0x47bd9cbdb2773ba9a8ad4a919dd35dd6413370b755a7191d3e3e498c1f5c4de5,0xfc9f572124d8f469960b94537b493f2676776c03,0x37c997b35c619c21323f3518b9357914e8b99525,0x3619c6eb1ba194fb81f5a23e6f8ff9a836aa6b32,2.6280374047526873e+20,Unipilot,PILOT,18,313,181519,72913002111,127781,26040756,deprecated,1701783
76,13482618,2021-10-24 21:45:45,0xb7ac23d564226e85cde9e895051bce44caee38755bd456f2ef7f7bf4e8d9f4fe,95,0x2c9a028c3cb5bb64f862935931401e6bfac27102f7db98a4d59ce85a6cc6463b,0x3619c6eb1ba194fb81f5a23e6f8ff9a836aa6b32,0x45080a6531d671ddff20db42f93792a489685e32,0x75001b3ffe0f77864c7dc64c55e1e22b205e4a07,2e+23,Finance.Vote Token,FVT,18,78,233323,99782630248,181208,8165893,deprecated,1701351
77,13482618,2021-10-24 21:45:45,0xb7ac23d564226e85cde9e895051bce44caee38755bd456f2ef7f7bf4e8d9f4fe,95,0x2c9a028c3cb5bb64f862935931401e6bfac27102f7db98a4d59ce85a6cc6463b,0x95332661b2e36a02dc05e6fb7c31193f0690c90f,0xc1d9b5a0776d7c8b98b8a838e5a0dd1bc5fdd53c,0x3619c6eb1ba194fb81f5a23e6f8ff9a836aa6b32,2.9798746286083135e+21,GridZone.io,ZONE,18,78,233323,99782630248,181208,8165893,deprecated,1701351
78,13505194,2021-10-28 10:30:45,0x38a08aeb50b0fb15e87d8dbecc3c597687f8b3bbf3ed0de70124042d52af7bef,97,0xd606de318068d8fc7fc5c8eebb5812c5a06a135a7d124c531e28b0b2dd291b1d,0x3619c6eb1ba194fb81f5a23e6f8ff9a836aa6b32,0xc1d9b5a0776d7c8b98b8a838e5a0dd1bc5fdd53c,0x95332661b2e36a02dc05e6fb7c31193f0690c90f,2.9798746286083135e+21,GridZone.io,ZONE,18,128,229375,132565597532,188379,8862791,deprecated,1678775
79,13505194,2021-10-28 10:30:45,0x38a08aeb50b0fb15e87d8dbecc3c597687f8b3bbf3ed0de70124042d52af7bef,97,0xd606de318068d8fc7fc5c8eebb5812c5a06a135a7d124c531e28b0b2dd291b1d,0xb4e16d0168e52d35cacd2c6185b44281ec28c9dc,0xa0b86991c6218b36c1d19d4a2e9eb0ce3606eb48,0x3619c6eb1ba194fb81f5a23e6f8ff9a836aa6b32,2712767306.0,USD Coin,USDC,6,128,229375,132565597532,188379,8862791,deprecated,1678775
80,13505205,2021-10-28 10:32:50,0x00845ceb3b3eea89e6aa126b3199971cf1e1e6f8d5983cd39395802c010f8467,98,0x4aae22f91d662705f0bf14c8842b49df0cea55478492d35eaf6f1a5b74ebe6e4,0x3619c6eb1ba194fb81f5a23e6f8ff9a836aa6b32,0xa0b86991c6218b36c1d19d4a2e9eb0ce3606eb48,0x81e4a5cba5b6c2523f5be8898c22f20fd7705b54,2712767306.0,USD Coin,USDC,6,51,99226,130710008082,60825,3349612,deprecated,1678764
81,13518652,2021-10-30 13:16:19,0xa364ef5828c6d8c78a766f7c3fe59568781c5c17b209b8fe3fb9603aea04f0c5,99,0x2cd54076d01e53d58cb2e24d0a9a3bec154f581a1a5bc1bd9078913294d33f57,0x3619c6eb1ba194fb81f5a23e6f8ff9a836aa6b32,0xb4d930279552397bba2ee473229f89ec245bc365,0xc0897d6ba893e31f42f658eead777aa15b8f824d,9.28410165909249e+20,MahaDAO,MAHA,18,95,232843,167070684422,180808,7105692,deprecated,1665317
82,13518652,2021-10-30 13:16:19,0xa364ef5828c6d8c78a766f7c3fe59568781c5c17b209b8fe3fb9603aea04f0c5,99,0x2cd54076d01e53d58cb2e24d0a9a3bec154f581a1a5bc1bd9078913294d33f57,0x95332661b2e36a02dc05e6fb7c31193f0690c90f,0xc1d9b5a0776d7c8b98b8a838e5a0dd1bc5fdd53c,0x3619c6eb1ba194fb81f5a23e6f8ff9a836aa6b32,2.4262224889571726e+21,GridZone.io,ZONE,18,95,232843,167070684422,180808,7105692,deprecated,1665317
83,13518712,2021-10-30 13:31:30,0x19f68d78649b81252783cc6d3d8c740c5772ffe24a508f4b7ef68d1adb1dc781,101,0x550a99ec1a7ce0dd3c6fe5a1bb515c9f9fdb9e5531674dd4f03abbb8f983aab4,0x3619c6eb1ba194fb81f5a23e6f8ff9a836aa6b32,0x875773784af8135ea0ef43b5a374aad105c5d39e,0x29a9777da2bacd8c4a28b6fd8247c4ca4f098f12,4.3903634693359305e+20,Idle,IDLE,18,127,214483,163403849411,165779,11053443,deprecated,1665257
84,13518712,2021-10-30 13:31:30,0x19f68d78649b81252783cc6d3d8c740c5772ffe24a508f4b7ef68d1adb1dc781,101,0x550a99ec1a7ce0dd3c6fe5a1bb515c9f9fdb9e5531674dd4f03abbb8f983aab4,0x95332661b2e36a02dc05e6fb7c31193f0690c90f,0xc1d9b5a0776d7c8b98b8a838e5a0dd1bc5fdd53c,0x3619c6eb1ba194fb81f5a23e6f8ff9a836aa6b32,8.726500316705591e+20,GridZone.io,ZONE,18,127,214483,163403849411,165779,11053443,deprecated,1665257
85,13520061,2021-10-30 18:28:34,0x051275421114025ead0571057c3c2f244af9987aeb0d8b055131131249567301,102,0x50cd6eadbb9b2375b3597a2792f78797c4a642dfbe3e5ae538cd53ee79b87432,0x8223fbf5b8ba6ca616256359c78a57895781c66d,0xed0889f7e1c7c7267407222be277e1f1ef4d4892,0x3619c6eb1ba194fb81f5a23e6f8ff9a836aa6b32,7.3430321238473966e+22,Melalie,MEL,18,198,173384,171819260220,119002,9300828,deprecated,1663908
86,13546377,2021-11-03 21:47:55,0x01e1dedd94d86d50c1136f34a08b408ca827de4a5067670859f73198f4e4d902,104,0xe2e8945f754811214a6695f28644baace7aa5d66534f1382e72f08f0c8ac85ee,0x3619c6eb1ba194fb81f5a23e6f8ff9a836aa6b32,0xed0889f7e1c7c7267407222be277e1f1ef4d4892,0x8223fbf5b8ba6ca616256359c78a57895781c66d,7.3430321238473966e+22,Melalie,MEL,18,301,266761,198649636553,208601,22726601,deprecated,1637592
87,13546377,2021-11-03 21:47:55,0x01e1dedd94d86d50c1136f34a08b408ca827de4a5067670859f73198f4e4d902,104,0xe2e8945f754811214a6695f28644baace7aa5d66534f1382e72f08f0c8ac85ee,0xf66aca2375130e3082e68b5c7623e9cbfdd1fdc8,0x174ed6e64a5903b59ca7910081e1e3a2c551afc6,0x3619c6eb1ba194fb81f5a23e6f8ff9a836aa6b32,9.454549524634235e+17,SpaceBalls,Balls,9,301,266761,198649636553,208601,22726601,deprecated,1637592
88,13550321,2021-11-04 12:57:37,0x853dec8da9461859d99988fc7f78fe172bfe513d119f241ed54bdfdbd1d0e064,105,0xf9ab19da8a003dbe467c26b25552c3c9aa27222bd9417e8a94dccde610910dc4,0x3619c6eb1ba194fb81f5a23e6f8ff9a836aa6b32,0xc1d9b5a0776d7c8b98b8a838e5a0dd1bc5fdd53c,0x95332661b2e36a02dc05e6fb7c31193f0690c90f,1.2988725206277318e+21,GridZone.io,ZONE,18,228,173697,131997944509,120166,15193935,deprecated,1633648
89,13550331,2021-11-04 12:59:48,0x8974d0d31d85a6f54e15ddfff57ae0f9332bc13f58625cc7868b490bacbbc692,106,0xbdac4521a20abf6c204388ec49f3e46f2a6844800c02b0502bf7dedee169ac17,0xf66aca2375130e3082e68b5c7623e9cbfdd1fdc8,0x174ed6e64a5903b59ca7910081e1e3a2c551afc6,0x3619c6eb1ba194fb81f5a23e6f8ff9a836aa6b32,7.409308282615299e+17,SpaceBalls,Balls,9,155,194556,141997097664,136370,14165051,deprecated,1633638
90,13570879,2021-11-07 18:08:34,0xf8a182a2cb192e202dff2a8192fd32e18421ca5afde920e4b806d891ed9643a2,108,0x8579d5e5dd1331c445e362ebfc05a4d418cbc122728ef99b2e591efa1b674000,0x3619c6eb1ba194fb81f5a23e6f8ff9a836aa6b32,0x174ed6e64a5903b59ca7910081e1e3a2c551afc6,0xf66aca2375130e3082e68b5c7623e9cbfdd1fdc8,1.5237588367833285e+18,SpaceBalls,Balls,9,382,275206,97715104191,222632,22542703,deprecated,1613090
91,13570879,2021-11-07 18:08:34,0xf8a182a2cb192e202dff2a8192fd32e18421ca5afde920e4b806d891ed9643a2,108,0x8579d5e5dd1331c445e362ebfc05a4d418cbc122728ef99b2e591efa1b674000,0x18112da8f2d6576926fcfb4d2c511fe9c6f8b2b5,0xd8e3fb3b08eba982f2754988d70d57edc0055ae6,0x3619c6eb1ba194fb81f5a23e6f8ff9a836aa6b32,9229076979.0,Zoracles,ZORA,9,382,275206,97715104191,222632,22542703,deprecated,1613090
92,13571034,2021-11-07 18:41:05,0xcadbe9a1280ebf78a550d21b6b90e2aacc40843df331815b4dda7b8fa3494b42,109,0x1fca8f374f93ab552553b7181b97cc5c1d23e3fba3cd07b4e47b83113efdade1,0x3619c6eb1ba194fb81f5a23e6f8ff9a836aa6b32,0xc1d9b5a0776d7c8b98b8a838e5a0dd1bc5fdd53c,0x95332661b2e36a02dc05e6fb7c31193f0690c90f,2e+21,GridZone.io,ZONE,18,234,245426,90460552149,191131,20234005,deprecated,1612935
93,13571034,2021-11-07 18:41:05,0xcadbe9a1280ebf78a550d21b6b90e2aacc40843df331815b4dda7b8fa3494b42,109,0x1fca8f374f93ab552553b7181b97cc5c1d23e3fba3cd07b4e47b83113efdade1,0xf66aca2375130e3082e68b5c7623e9cbfdd1fdc8,0x174ed6e64a5903b59ca7910081e1e3a2c551afc6,0x3619c6eb1ba194fb81f5a23e6f8ff9a836aa6b32,1.7295512667610857e+18,SpaceBalls,Balls,9,234,245426,90460552149,191131,20234005,deprecated,1612935
94,13584069,2021-11-09 19:36:06,0xdb5d8fcda91e38eeb29c23b6c24a7bf9e91706b4394b48f35c180a1a9f487476,110,0xc96df56d7528a566c49dc4d77029ec04c2a85614bae74f235f3b784ee2c37e26,0x3619c6eb1ba194fb81f5a23e6f8ff9a836aa6b32,0xd8e3fb3b08eba982f2754988d70d57edc0055ae6,0x18112da8f2d6576926fcfb4d2c511fe9c6f8b2b5,9229076979.0,Zoracles,ZORA,9,26,252876,142975714364,197339,1943923,deprecated,1599900
95,13584069,2021-11-09 19:36:06,0xdb5d8fcda91e38eeb29c23b6c24a7bf9e91706b4394b48f35c180a1a9f487476,110,0xc96df56d7528a566c49dc4d77029ec04c2a85614bae74f235f3b784ee2c37e26,0xf66aca2375130e3082e68b5c7623e9cbfdd1fdc8,0x174ed6e64a5903b59ca7910081e1e3a2c551afc6,0x3619c6eb1ba194fb81f5a23e6f8ff9a836aa6b32,3.4504999286985615e+18,SpaceBalls,Balls,9,26,252876,142975714364,197339,1943923,deprecated,1599900
96,13594315,2021-11-11 10:20:12,0x52525bc2e6be44579e4ea7fc7613027a640e1566eaf66cb2a20bd3a7989d14f9,111,0x94633131d88cd26236fb3917bfed7bf8312c3186ecd2b9cf5d34008905f09495,0x3619c6eb1ba194fb81f5a23e6f8ff9a836aa6b32,0x174ed6e64a5903b59ca7910081e1e3a2c551afc6,0xf66aca2375130e3082e68b5c7623e9cbfdd1fdc8,4.681624227742917e+18,SpaceBalls,Balls,9,56,349669,110421577512,231363,3736084,deprecated,1589654
97,13594377,2021-11-11 10:34:28,0x60d966495f633a72968db93eadfafceb7f2a19d86a1631dfe5e63ff07c5b519a,112,0x70f17cfb57c089eb50e2ed959e76b08611dc8061ade030949fa7a033f74f8776,0x2af8718abe5b3d4abd5b28cd04c9df7768adcc62,0x5950ee9f6dc318082ab02d478c1f4efe2295a3d1,0x3619c6eb1ba194fb81f5a23e6f8ff9a836aa6b32,7.603752806292849e+18,LETSFUCKINGGO,LFG,9,158,173168,122958325554,118825,10223010,deprecated,1589592
98,13595821,2021-11-11 15:54:39,0x9795aa4427a4db80acc21b7c6055f5d7013083eeb11ef9f8dddcf4102242ec92,114,0xf29f08601ce3d2eb8e92269a37a234b937ac47978557d20eafcd0f5d7d8df0df,0x3619c6eb1ba194fb81f5a23e6f8ff9a836aa6b32,0x5950ee9f6dc318082ab02d478c1f4efe2295a3d1,0x2af8718abe5b3d4abd5b28cd04c9df7768adcc62,7.603752806292849e+18,LETSFUCKINGGO,LFG,9,132,314059,154073750952,241793,16742583,deprecated,1588148
99,13595821,2021-11-11 15:54:39,0x9795aa4427a4db80acc21b7c6055f5d7013083eeb11ef9f8dddcf4102242ec92,114,0xf29f08601ce3d2eb8e92269a37a234b937ac47978557d20eafcd0f5d7d8df0df,0x67f71ad2f02d3468f80ae27b3c0ee7955cb40ebc,0x35395a291ad6776d95d6ecb6abb43fc6d0a44bbc,0x3619c6eb1ba194fb81f5a23e6f8ff9a836aa6b32,3.942065789957487e+18,If You Know You Know,IYKYK,9,132,314059,154073750952,241793,16742583,deprecated,1588148
100,13595934,2021-11-11 16:20:27,0xf94543fdc9e2d39401334f4df75c4f596c0cb81592cd2be9b259ecc2ca5b3052,116,0x2b9c921ce8f7977067d17c0a967fcc0207a720c93e315b09af00d71adecc84a4,0x3619c6eb1ba194fb81f5a23e6f8ff9a836aa6b32,0x37c997b35c619c21323f3518b9357914e8b99525,0xfc9f572124d8f469960b94537b493f2676776c03,1.2803740475268725e+19,Unipilot,PILOT,18,308,186750,163587942432,134268,22705817,deprecated,1588035
101,13601562,2021-11-12 13:26:54,0x138ee3c20857369beb2cb89bded5f0967f3e93d78bc995c828dd55351f209628,118,0xbd9a07aadcb04e8db917c599314bf926f5c0ba025eaf49f39d4f6c582d220695,0x3619c6eb1ba194fb81f5a23e6f8ff9a836aa6b32,0x35395a291ad6776d95d6ecb6abb43fc6d0a44bbc,0x67f71ad2f02d3468f80ae27b3c0ee7955cb40ebc,3.645234448247418e+18,If You Know You Know,IYKYK,9,802,424410,133226203808,281190,28016493,deprecated,1582407
102,13601823,2021-11-12 14:34:00,0xb70b2dc8f8fc05f0cf331d5a34f1b8ec9a2cad3b0a16119e88af5948b00656f8,119,0x7edb5776c49f677d33ac2e6e80dc1999dcf05a560100c02e2fb8f9f2639842ba,0xf7c5e2286732aadaa877c25e76d845520f2c2d44,0xb4f797c50a4a568b6f31ed1bbc60d32018e57824,0x3619c6eb1ba194fb81f5a23e6f8ff9a836aa6b32,5.012008255725401e+18,NGMI,NGMI,9,182,232118,147688911306,161583,13296716,deprecated,1582146
103,13601980,2021-11-12 15:08:07,0x62b43e21b8afe4b0ffbd360d275346f77067bb53e35fc007a79094468c8a2305,121,0xe94c728acc4e8683b5ca661c484aae9a896bae88e1d8a2e0ae2cce86b03e5b09,0x3619c6eb1ba194fb81f5a23e6f8ff9a836aa6b32,0xb4f797c50a4a568b6f31ed1bbc60d32018e57824,0xf7c5e2286732aadaa877c25e76d845520f2c2d44,5.012008255725401e+18,NGMI,NGMI,9,194,229070,127729050067,155910,11870155,deprecated,1581989
104,13602330,2021-11-12 16:23:15,0x5a3159a5a526d2f2063ab92fef43e4cd6b875f60ad92cf004d690b2c49effc4c,124,0xcd0a4c76aef873184262d1cddd34ef1ca30b50db532616b44b033c543a115ae1,0x9e40bc595f922dcfc10aafdce6099549439ca715,0x25fec3db0e0abcc606b6d85f30bfbaa495639c96,0x3619c6eb1ba194fb81f5a23e6f8ff9a836aa6b32,8.818974119562825e+18,AllTimeHigh,ATH,9,51,245008,141794207111,177757,4425450,deprecated,1581639
105,13607074,2021-11-13 10:10:37,0xd6f5f76fef4c3c271b28f6db16470993d80927efe870d40a85023d5ab158d951,127,0xa67eb50d13a9190fd5c4d76f76bb0ba7ee5c8995ccd3a5735ac93daa3ec70950,0x3619c6eb1ba194fb81f5a23e6f8ff9a836aa6b32,0x37c997b35c619c21323f3518b9357914e8b99525,0xfc9f572124d8f469960b94537b493f2676776c03,5e+19,Unipilot,PILOT,18,119,187794,93803264460,135138,9810388,deprecated,1576895
106,13607096,2021-11-13 10:14:26,0x8b41eadce4c5a32caa9ccd5cd31462ecc9ee2edcc85a57736ac384605b5e2acc,128,0x993f906455a19391cacd62585925be0c7f63b4d3b25aeda985b7987d191c6477,0xc2cbe438720ad26d49a47da641f9bc32f4639cee,0xf85f1872d4f6002e721a835d3c3aeec194db2089,0x3619c6eb1ba194fb81f5a23e6f8ff9a836aa6b32,3.579195063066321e+18,Degen Ape Club,DAC,9,76,281768,79858927934,207910,7803807,deprecated,1576873
107,13607616,2021-11-13 12:13:50,0xa5606b83225f9a3e38fc049078bce41b0665f9d826c0bb097ee540ecde1af6fe,130,0xa8e5cbbefa16a04367d470479b27e7c396192b24c2a83541c4388b1ac6968abe,0x3619c6eb1ba194fb81f5a23e6f8ff9a836aa6b32,0xf85f1872d4f6002e721a835d3c3aeec194db2089,0xc2cbe438720ad26d49a47da641f9bc32f4639cee,3.2603329335100093e+18,Degen Ape Club,DAC,9,220,391258,109941986006,259089,14209294,deprecated,1576353
108,13607889,2021-11-13 13:18:08,0x3be5f3d5da58d79a87b405cc0efe854f1c03caad81e1a6126166d872dd246439,131,0xa488c4837eb286edfc5aba87cbb1bc27ecaa379aa07b05bebcb9220073ddbf24,0xc2cbe438720ad26d49a47da641f9bc32f4639cee,0xf85f1872d4f6002e721a835d3c3aeec194db2089,0x3619c6eb1ba194fb81f5a23e6f8ff9a836aa6b32,2.8040224433127885e+18,Degen Ape Club,DAC,9,71,215580,134646438669,153615,4593868,deprecated,1576080
109,13615637,2021-11-14 18:45:10,0x7c6f15960499ad2eaf532b4a6c9f134399a94d4594e1f3a2bc894ed9c5e708ee,597,0xe4ff917da1e090094d7692253aea65e03431008e4d334b91c9fdfc0568351c9b,0xe1b3f4849c8959f53edd3ab932e0f145daf865c1,0xe1b3f4849c8959f53edd3ab932e0f145daf865c1,0x3619c6eb1ba194fb81f5a23e6f8ff9a836aa6b32,98134000000000.0,Key7.net,Key7.net,9,60,1000000,104316338480,306689,4394304,deprecated,1568332
110,13616298,2021-11-14 21:07:41,0x13b16f9b5bb465f5c5a374df9975c6085663a599d8746b55d23b89a0654d754a,132,0xbe7e1e9164b9071d69a07404c794f09ebb15fa94137f9fa661538bddc05c20a1,0x3619c6eb1ba194fb81f5a23e6f8ff9a836aa6b32,0xf85f1872d4f6002e721a835d3c3aeec194db2089,0xc2cbe438720ad26d49a47da641f9bc32f4639cee,2.928288316529265e+17,Degen Ape Club,DAC,9,129,387900,128998399313,256850,8355116,deprecated,1567671
111,13616312,2021-11-14 21:09:16,0xc3f58f59ac909ebfb8cea7ee64aabf96ee621f4f375867b20c8f0a4c3ee1e4cc,133,0xf7580c019681dcfb3ecdfe93b4462eebbf5ae111722a191169b60043488c386e,0xcaf90385a613fcc6202f9d59169bc62e1315bd47,0xeb81c4a4d51582f2a3297e53cf24157b72b352a0,0x3619c6eb1ba194fb81f5a23e6f8ff9a836aa6b32,2.088688571983844e+18,ChadElon,CHAD,9,275,220734,88510844242,150227,18740568,deprecated,1567657
112,13616757,2021-11-14 22:53:58,0xeeed49becaad245a172e47d05a83aa30c21e33476fc353ee90938c1481ae59f9,134,0x62f4a40d3f80fa18f2b139e9a1f722236859af32f06fe8ba92ed0805a5e44879,0x3619c6eb1ba194fb81f5a23e6f8ff9a836aa6b32,0xf85f1872d4f6002e721a835d3c3aeec194db2089,0xc2cbe438720ad26d49a47da641f9bc32f4639cee,1.3657891480841024e+18,Degen Ape Club,DAC,9,423,452524,145944622695,324683,27267961,deprecated,1567212
113,13616757,2021-11-14 22:53:58,0xeeed49becaad245a172e47d05a83aa30c21e33476fc353ee90938c1481ae59f9,134,0x62f4a40d3f80fa18f2b139e9a1f722236859af32f06fe8ba92ed0805a5e44879,0x95332661b2e36a02dc05e6fb7c31193f0690c90f,0xc1d9b5a0776d7c8b98b8a838e5a0dd1bc5fdd53c,0x3619c6eb1ba194fb81f5a23e6f8ff9a836aa6b32,6.546586411445322e+21,GridZone.io,ZONE,18,423,452524,145944622695,324683,27267961,deprecated,1567212
114,13627700,2021-11-16 16:42:28,0x885662c5c8aa5a5766fd50ab6ed5377a8791fdd3ea8547137af633776ba162bd,136,0xc4d8cc2f911bcc44d4cabc92d7bdcd21348e70db0c0716a0efd926520821b27d,0x3619c6eb1ba194fb81f5a23e6f8ff9a836aa6b32,0xeb81c4a4d51582f2a3297e53cf24157b72b352a0,0xcaf90385a613fcc6202f9d59169bc62e1315bd47,1.8992030432781908e+18,ChadElon,CHAD,9,155,426610,107139525502,303359,9681406,deprecated,1556269
115,13627700,2021-11-16 16:42:28,0x885662c5c8aa5a5766fd50ab6ed5377a8791fdd3ea8547137af633776ba162bd,136,0xc4d8cc2f911bcc44d4cabc92d7bdcd21348e70db0c0716a0efd926520821b27d,0x95332661b2e36a02dc05e6fb7c31193f0690c90f,0xc1d9b5a0776d7c8b98b8a838e5a0dd1bc5fdd53c,0x3619c6eb1ba194fb81f5a23e6f8ff9a836aa6b32,8.76035024921083e+20,GridZone.io,ZONE,18,155,426610,107139525502,303359,9681406,deprecated,1556269
116,13648763,2021-11-20 00:30:17,0x85e384abe0725635e1218e979970c749be22f3949b73ee6e186054346812aebe,137,0x1ba413b3e34849bbf10479c7d004f3c5f55fb311195270db3e87f80d534d5a99,0x3619c6eb1ba194fb81f5a23e6f8ff9a836aa6b32,0xc1d9b5a0776d7c8b98b8a838e5a0dd1bc5fdd53c,0x95332661b2e36a02dc05e6fb7c31193f0690c90f,5e+20,GridZone.io,ZONE,18,124,173668,130434047867,120142,7542809,deprecated,1535206
117,13655086,2021-11-21 00:38:30,0x63c7edcb7db5b7a7d1d86550bcae8b8ae67a0c6bd5e076923a5477e6e2cff484,142,0x5d7d4a07ae9da4371c1a16487070eea92bc600081730fa9d9f8e96fe34ab962b,0x3619c6eb1ba194fb81f5a23e6f8ff9a836aa6b32,0xf85f1872d4f6002e721a835d3c3aeec194db2089,0xc2cbe438720ad26d49a47da641f9bc32f4639cee,9.1862190386147e+17,Degen Ape Club,DAC,9,292,387900,94443881798,256850,22278229,deprecated,1528883
118,13655174,2021-11-21 00:59:26,0x7b4e5895163b0dc9470f3ffe9f7d2a79cf7e06f8651926b84a8443339be7f4a9,143,0xde307df24891cc7347d196e4c594c034f7cc800318b5bbcbc835af2db8539b40,0xd3ce5e10ee74908affcbb4ad98a4f524972f8757,0xb77b6fe3e33ce2a15bae846658fca5da62ab8ac0,0x3619c6eb1ba194fb81f5a23e6f8ff9a836aa6b32,8.49595133379559e+17,MultiFarmCapital,MFC,9,225,322972,92722366734,231296,21490503,deprecated,1528795
119,13667064,2021-11-22 22:04:46,0x1db88af52ea2734d34bff82c7688329aff8137fac276a96c56de46eff1d15c2d,144,0x00e5126b7e75dc34bd4e44c9ded6b0c2c99fba04b537b83e5a6dd49515de4d0d,0x3619c6eb1ba194fb81f5a23e6f8ff9a836aa6b32,0xc1d9b5a0776d7c8b98b8a838e5a0dd1bc5fdd53c,0x95332661b2e36a02dc05e6fb7c31193f0690c90f,6.922621436366405e+21,GridZone.io,ZONE,18,266,340542,187363789625,279409,18629114,deprecated,1516905
120,13667064,2021-11-22 22:04:46,0x1db88af52ea2734d34bff82c7688329aff8137fac276a96c56de46eff1d15c2d,144,0x00e5126b7e75dc34bd4e44c9ded6b0c2c99fba04b537b83e5a6dd49515de4d0d,0xd3ce5e10ee74908affcbb4ad98a4f524972f8757,0xb77b6fe3e33ce2a15bae846658fca5da62ab8ac0,0x3619c6eb1ba194fb81f5a23e6f8ff9a836aa6b32,4.190524622017583e+18,MultiFarmCapital,MFC,9,266,340542,187363789625,279409,18629114,deprecated,1516905
121,13667175,2021-11-22 22:31:37,0x9129081aa1a335fbf61caed189f6903d2b87c878b2c21aa266ca1731e2d0a538,860,0xf9d524928c581c91f6c0e8fa9482bd85ab62af3bb30ef5ddbbd0e94f06c3be40,0xe1b3f4849c8959f53edd3ab932e0f145daf865c1,0xe1b3f4849c8959f53edd3ab932e0f145daf865c1,0x3619c6eb1ba194fb81f5a23e6f8ff9a836aa6b32,98134000000000.0,Key7.net,Key7.net,9,129,1000000,149408321312,164694,6140011,deprecated,1516794
122,13678098,2021-11-24 15:57:15,0xf279ebc72e6efd6f8dc69ed660e4c3ca60c8a2168795e5fe8d4569a1791aec29,147,0x06e5728172411494588244931a8ee85422a03b4f001e77f982078670fc13972a,0x3619c6eb1ba194fb81f5a23e6f8ff9a836aa6b32,0xb77b6fe3e33ce2a15bae846658fca5da62ab8ac0,0xb77b6fe3e33ce2a15bae846658fca5da62ab8ac0,5.823725875406146e+16,MultiFarmCapital,MFC,9,241,321517,127963284265,240243,15452007,deprecated,1505871
123,13678098,2021-11-24 15:57:15,0xf279ebc72e6efd6f8dc69ed660e4c3ca60c8a2168795e5fe8d4569a1791aec29,147,0x06e5728172411494588244931a8ee85422a03b4f001e77f982078670fc13972a,0x3619c6eb1ba194fb81f5a23e6f8ff9a836aa6b32,0xb77b6fe3e33ce2a15bae846658fca5da62ab8ac0,0xd3ce5e10ee74908affcbb4ad98a4f524972f8757,5.241353287865531e+17,MultiFarmCapital,MFC,9,241,321517,127963284265,240243,15452007,deprecated,1505871
124,13678600,2021-11-24 17:49:02,0xfb07e7e30a643f20fbb1dbdda091527066f5294f9a76ff54daa9ac270107e147,247,0x47c2b17f6c8495e4c80a89add541b771f48c08f30ce6d248fd431d9bf20cbb2b,0x265befe2b1a0f4f646dea96ba09c1656b74bda91,0x265befe2b1a0f4f646dea96ba09c1656b74bda91,0x3619c6eb1ba194fb81f5a23e6f8ff9a836aa6b32,8824230000000000.0,abSHIBA.com,ABSHIBA.com,9,61,1000000,148403753189,164718,3813474,deprecated,1505369
125,13680176,2021-11-24 23:50:39,0x94c63972ff142b1ef43d3012cb797d297841d2a60884039973dbf38173b6aeaa,150,0x4c948b257ef2ce2c18cb05ab1633d22337ac0717f61833d342199438a90738c0,0x3619c6eb1ba194fb81f5a23e6f8ff9a836aa6b32,0xb77b6fe3e33ce2a15bae846658fca5da62ab8ac0,0xb77b6fe3e33ce2a15bae846658fca5da62ab8ac0,4.870901938098351e+17,MultiFarmCapital,MFC,9,228,321531,105863555298,240255,12530387,deprecated,1503793
126,13680176,2021-11-24 23:50:39,0x94c63972ff142b1ef43d3012cb797d297841d2a60884039973dbf38173b6aeaa,150,0x4c948b257ef2ce2c18cb05ab1633d22337ac0717f61833d342199438a90738c0,0x3619c6eb1ba194fb81f5a23e6f8ff9a836aa6b32,0xb77b6fe3e33ce2a15bae846658fca5da62ab8ac0,0xd3ce5e10ee74908affcbb4ad98a4f524972f8757,4.3838117442885156e+18,MultiFarmCapital,MFC,9,228,321531,105863555298,240255,12530387,deprecated,1503793
127,13680460,2021-11-25 00:53:33,0xc835423cd6c025b3af1f7b119ec7b4e2d361f09e3631f41bf92f37107cbabb69,151,0xc3fce18d0eaccb2e08ff6bd1b4654c2556c664f0e9f1559efbc69d8a9363d71f,0xd3ce5e10ee74908affcbb4ad98a4f524972f8757,0xb77b6fe3e33ce2a15bae846658fca5da62ab8ac0,0x3619c6eb1ba194fb81f5a23e6f8ff9a836aa6b32,4.95e+18,MultiFarmCapital,MFC,9,106,307890,144954173917,231991,6702963,deprecated,1503509
128,13680501,2021-11-25 01:04:06,0x6e0e94ae2a81cb7c0941c6b9cc73fc1737ef99f85361aeff0481408736e624dc,152,0x6a6b49be56871ed2ec6090d5f93d07fe0c54569d8c8a3a710bcbf6a06b2a8d12,0xd342f84f327c1a8fa455ef7785c51a892686a43d,0x1960d994bf7d8ca5d088e94b4653fcb6d03c63d6,0x3619c6eb1ba194fb81f5a23e6f8ff9a836aa6b32,1.4524128274669672e+28,UltimateFarmCapital,UFC,18,248,179451,240455508715,123980,19150471,deprecated,1503468
129,13686834,2021-11-26 01:12:36,0x1e651066768ccf5e28eb4118dfcd076d58305f8600e388bd4b147eb5f6636983,154,0xb4ef3feb39f754eafafca1161438ddb0bbff2c9af506ad77a562faf54e6217ec,0x3619c6eb1ba194fb81f5a23e6f8ff9a836aa6b32,0xb77b6fe3e33ce2a15bae846658fca5da62ab8ac0,0xb77b6fe3e33ce2a15bae846658fca5da62ab8ac0,5.1226765079624314e+17,MultiFarmCapital,MFC,9,335,321531,72468926260,240255,22433326,deprecated,1497135
130,13686834,2021-11-26 01:12:36,0x1e651066768ccf5e28eb4118dfcd076d58305f8600e388bd4b147eb5f6636983,154,0xb4ef3feb39f754eafafca1161438ddb0bbff2c9af506ad77a562faf54e6217ec,0x3619c6eb1ba194fb81f5a23e6f8ff9a836aa6b32,0xb77b6fe3e33ce2a15bae846658fca5da62ab8ac0,0xd3ce5e10ee74908affcbb4ad98a4f524972f8757,4.6104088571661885e+18,MultiFarmCapital,MFC,9,335,321531,72468926260,240255,22433326,deprecated,1497135
131,13686933,2021-11-26 01:36:24,0x84258401d9631ba58fa28bff3f95623a49922e8611aa1d5ccfabe799bb783eae,155,0x81f0d6d844e6c3938ced849af0e0ec55ad3312fb6d34a0f79471d8d05f43db91,0xd3ce5e10ee74908affcbb4ad98a4f524972f8757,0xb77b6fe3e33ce2a15bae846658fca5da62ab8ac0,0x3619c6eb1ba194fb81f5a23e6f8ff9a836aa6b32,3.6e+18,MultiFarmCapital,MFC,9,280,307890,82768620951,231991,22999467,deprecated,1497036
132,13686938,2021-11-26 01:38:52,0xac3c93442b360ca257a34deef6e9f13ed89aa7810bd416dd157b2fd274737100,156,0xa4dc284fa3e154f6e6284098773936dc77bda8ce58048d682812fd692fec0891,0x3619c6eb1ba194fb81f5a23e6f8ff9a836aa6b32,0x37c997b35c619c21323f3518b9357914e8b99525,0xfc9f572124d8f469960b94537b493f2676776c03,2e+20,Unipilot,PILOT,18,270,190275,97278597832,132406,25853342,deprecated,1497031
133,13687000,2021-11-26 01:54:17,0xf71bb9a4d6d404f48ab28e5764e402e43576c29dc1d274325aaa61bef7e99902,157,0xd5edb0b9ef7bb4c730a218c111aa76ddb42e82303e9c7c0715851fb08ac82709,0xd3ce5e10ee74908affcbb4ad98a4f524972f8757,0xb77b6fe3e33ce2a15bae846658fca5da62ab8ac0,0x3619c6eb1ba194fb81f5a23e6f8ff9a836aa6b32,1.26e+18,MultiFarmCapital,MFC,9,66,307890,99723948394,231991,4309709,deprecated,1496969
134,13687305,2021-11-26 03:09:57,0xa89f737a89a9cfa85ea1dfb07489471b4101f3e02519763e8ba7e11d2f177643,158,0xc37d2ce69d1cebe920cba78884503d6023d67f339b495d05ca53e1e63073374b,0x3619c6eb1ba194fb81f5a23e6f8ff9a836aa6b32,0xb77b6fe3e33ce2a15bae846658fca5da62ab8ac0,0xb77b6fe3e33ce2a15bae846658fca5da62ab8ac0,4.8715768316270125e+17,MultiFarmCapital,MFC,9,288,321531,101510656697,240255,26539531,deprecated,1496664
135,13687305,2021-11-26 03:09:57,0xa89f737a89a9cfa85ea1dfb07489471b4101f3e02519763e8ba7e11d2f177643,158,0xc37d2ce69d1cebe920cba78884503d6023d67f339b495d05ca53e1e63073374b,0x3619c6eb1ba194fb81f5a23e6f8ff9a836aa6b32,0xb77b6fe3e33ce2a15bae846658fca5da62ab8ac0,0xd3ce5e10ee74908affcbb4ad98a4f524972f8757,4.3844191484643113e+18,MultiFarmCapital,MFC,9,288,321531,101510656697,240255,26539531,deprecated,1496664
136,13687445,2021-11-26 03:39:24,0x9f25644b354ea9c28c64e20ae75fd05067f4ba10a0aa5faccbac2c9371e8b8f1,159,0xe47dfc7ca0af1150b4358c93dd3d179d11e534493be676239f8c3af2945ac7a0,0xd3ce5e10ee74908affcbb4ad98a4f524972f8757,0xb77b6fe3e33ce2a15bae846658fca5da62ab8ac0,0x3619c6eb1ba194fb81f5a23e6f8ff9a836aa6b32,4.05e+18,MultiFarmCapital,MFC,9,308,307890,91906727499,231991,21157423,deprecated,1496524
137,13691287,2021-11-26 18:12:21,0xc44521b1913179a08b866997e1d918604bc913257268678bc7a0eacdc605efa8,160,0x06e5069b5add48a30757b91d73d2eeba654f0c414774030669980d555717c2a6,0x3619c6eb1ba194fb81f5a23e6f8ff9a836aa6b32,0xb77b6fe3e33ce2a15bae846658fca5da62ab8ac0,0xb77b6fe3e33ce2a15bae846658fca5da62ab8ac0,4.108609000561254e+17,MultiFarmCapital,MFC,9,182,309032,109337588905,240255,12281012,deprecated,1492682
138,13691287,2021-11-26 18:12:21,0xc44521b1913179a08b866997e1d918604bc913257268678bc7a0eacdc605efa8,160,0x06e5069b5add48a30757b91d73d2eeba654f0c414774030669980d555717c2a6,0x3619c6eb1ba194fb81f5a23e6f8ff9a836aa6b32,0xb77b6fe3e33ce2a15bae846658fca5da62ab8ac0,0xd3ce5e10ee74908affcbb4ad98a4f524972f8757,3.6977481005051284e+18,MultiFarmCapital,MFC,9,182,309032,109337588905,240255,12281012,deprecated,1492682
139,13691360,2021-11-26 18:29:12,0xab27bb1eabd63126debb709a9d3fc652e8e05a04031de415978e362a4c54c4de,161,0xfd7f34bc9eaeef117c36c1c798ab2da29f1550680ccf383b331c014595e1f239,0x36d19f5f4074b36b4a67124ecf3ad750bab7276c,0x3063c77c4ef5c1de185321ae2bc5675e17344f7f,0x3619c6eb1ba194fb81f5a23e6f8ff9a836aa6b32,6000000000000.0,Megaweapon,$WEAPON,9,17,206848,95033691262,137374,1842764,deprecated,1492609
140,13698081,2021-11-27 20:06:24,0xdf5139524977faf0da4b03fb2001aa02a0536c356d598517c8c2d966b10c4a10,163,0xceca4befa712a92cfb62fce18e4e60361bfe9a1c146a8bf0e820812793b91b0d,0x3619c6eb1ba194fb81f5a23e6f8ff9a836aa6b32,0x3063c77c4ef5c1de185321ae2bc5675e17344f7f,0x36d19f5f4074b36b4a67124ecf3ad750bab7276c,2500000000000.0,Megaweapon,$WEAPON,9,88,338539,123289860946,223943,8416184,deprecated,1485888
141,13698088,2021-11-27 20:08:08,0x43cb72ce8266f0ab7878a1687a083af32d55b0c26f725518b079b055b265c8de,164,0x41bfa677e711020c824574f39335c9cc011c4dc9492149888d7455fcec889a5f,0xd3ce5e10ee74908affcbb4ad98a4f524972f8757,0xb77b6fe3e33ce2a15bae846658fca5da62ab8ac0,0x3619c6eb1ba194fb81f5a23e6f8ff9a836aa6b32,2.691e+18,MultiFarmCapital,MFC,9,204,307875,138133748252,231979,14004348,deprecated,1485881
142,13703034,2021-11-28 14:54:26,0xf0d6767973cc4a8145c028cc378217eab3b012e0f1f78d5e69ae04e8551571c8,165,0xdb33cb485d5868b128104c50ad806104719642926734a938164018e283bd28ac,0x3619c6eb1ba194fb81f5a23e6f8ff9a836aa6b32,0xb77b6fe3e33ce2a15bae846658fca5da62ab8ac0,0xe3df45219aa76d709207416d05f8e381b9e74d4e,2.719271927833748e+18,MultiFarmCapital,MFC,9,90,177289,99689675813,115393,5032870,deprecated,1480935
143,13710355,2021-11-29 19:20:05,0x2239c9598a5925c8a607313776cc1c65e5cf9e87b96a95735f30bfe89a64e784,166,0xc47a74da7b28b5d91ae97e86b9dcb2163b6028c84508067d99bdb85dd9794091,0x3619c6eb1ba194fb81f5a23e6f8ff9a836aa6b32,0x3063c77c4ef5c1de185321ae2bc5675e17344f7f,0x36d19f5f4074b36b4a67124ecf3ad750bab7276c,2900000000000.0,Megaweapon,$WEAPON,9,247,338539,161257830081,223943,20912039,deprecated,1473614
144,13712381,2021-11-30 03:04:55,0x196deeac1bc225657e9f604d7bdff6762c802a7855d6e3a65f067d055b4238ea,169,0xd678b536c2ebbbae211d668b4913d37efe74ee6b4812b2a72a3078e8ec21fd77,0x74c6d874f2f7e6166d2a300080108480c67e63fc,0x2d51f2de624e454173b1be73627237204e9101a7,0x3619c6eb1ba194fb81f5a23e6f8ff9a836aa6b32,4.55e+18,Egg,EGG,9,407,244294,195237139781,168579,27688041,deprecated,1471588
145,13712384,2021-11-30 03:07:23,0xd14a917ca39ee0df7bbb12e64bc3d75da89ee9ea68ba03ea00acecedf93e4bd5,171,0xcd0cd55adfe197fd9f075c5c77eac29f328df283a3a2e4e33548f08ab95cd38c,0x74c6d874f2f7e6166d2a300080108480c67e63fc,0x2d51f2de624e454173b1be73627237204e9101a7,0x3619c6eb1ba194fb81f5a23e6f8ff9a836aa6b32,4.515651245958854e+18,Egg,EGG,9,260,203979,234124553488,154516,19928513,deprecated,1471585
146,13716664,2021-11-30 19:32:54,0x135f5b110d60cab66e4416286de6bf58cd484c98815a83e9d8a6fcff11d8afad,173,0xa37cb7e0b9bc62625c1ba155d12848bbf934df5e2d470c06b8032e4c33283b5a,0x3619c6eb1ba194fb81f5a23e6f8ff9a836aa6b32,0x2d51f2de624e454173b1be73627237204e9101a7,0x74c6d874f2f7e6166d2a300080108480c67e63fc,8.249742633822557e+18,Egg,EGG,9,177,396978,158806115707,262902,15449836,deprecated,1467305
147,13716826,2021-11-30 20:08:10,0x4398c4df5376e1229cd37d4bafcf06f8028c0fb1c53beb0e6e846709f8c8a778,175,0x109445383c18dec09d9465d3a98615c874bd15d3daaa0ef16c669ab7c6495404,0xe334a647d9deeb5e8acb563d1085319f21ab4938,0x4eadbfe053dcecdf13e51dc5e429305be6a802d3,0x3619c6eb1ba194fb81f5a23e6f8ff9a836aa6b32,9.075473049187854e+16,Lets Go Farming Token,LGF,9,144,273333,229215575844,200992,15070705,deprecated,1467143
148,13723598,2021-12-01 22:10:42,0xffa7ebacc852a5f8954e912dd577743e18206f8e81c1a83df64da7b1fe7276c5,97,0x5d3b7996ed83a02485784bdbe8a168ec13068fca0cead56171f56f9c03c5afe4,0xd152f549545093347a162dce210e7293f1452150,0x25b3e27f03fd51163818b111690066e1b088f800,0x3619c6eb1ba194fb81f5a23e6f8ff9a836aa6b32,2.909620963e+18,Multi Farm Capital v2,MFC,9,25,23890965,146171967205,20805356,22808519,deprecated,1460371
149,13724344,2021-12-02 00:54:37,0x5be8cf72aa9618564b0b7a16a2ed0dcf0428fe66fb8992c2968bb0c76f7cea46,178,0x96a5f101e552dc0bebb2ca8543a1343910418158cc255af6174cd2924c3630e7,0x3619c6eb1ba194fb81f5a23e6f8ff9a836aa6b32,0x25b3e27f03fd51163818b111690066e1b088f800,0xbe1b79e28ace6c82a654a46e5c65b0578e5f9a4f,3.6e+17,Multi Farm Capital v2,MFC,9,479,381544,95780070462,309554,29171963,deprecated,1459625
150,13724344,2021-12-02 00:54:37,0x5be8cf72aa9618564b0b7a16a2ed0dcf0428fe66fb8992c2968bb0c76f7cea46,178,0x96a5f101e552dc0bebb2ca8543a1343910418158cc255af6174cd2924c3630e7,0xc655aa1fff19a1aa597713eb16b11c224c021eff,0x372dc95def33ac17578e88737c330657322cd79c,0x3619c6eb1ba194fb81f5a23e6f8ff9a836aa6b32,1.0873438403280846e+28,CryptoonNetwork,CN,18,479,381544,95780070462,309554,29171963,deprecated,1459625
151,13740921,2021-12-04 16:49:06,0xe65eb83cf6b96faa4674fd861c6174ec95ddaab1eb1b864765a69e997f31bad5,181,0xcfd6f85a2207521b1c6582f3af010f84f66dc4d8a7891f9baa72ab0172e920c4,0x3619c6eb1ba194fb81f5a23e6f8ff9a836aa6b32,0x372dc95def33ac17578e88737c330657322cd79c,0x372dc95def33ac17578e88737c330657322cd79c,1.0873438403280847e+27,CryptoonNetwork,CN,18,128,404840,98077614005,268144,10297514,deprecated,1443048
152,13740921,2021-12-04 16:49:06,0xe65eb83cf6b96faa4674fd861c6174ec95ddaab1eb1b864765a69e997f31bad5,181,0xcfd6f85a2207521b1c6582f3af010f84f66dc4d8a7891f9baa72ab0172e920c4,0x3619c6eb1ba194fb81f5a23e6f8ff9a836aa6b32,0x372dc95def33ac17578e88737c330657322cd79c,0xc655aa1fff19a1aa597713eb16b11c224c021eff,9.786094562952762e+27,CryptoonNetwork,CN,18,128,404840,98077614005,268144,10297514,deprecated,1443048
153,13745275,2021-12-05 09:29:10,0x89918f48b4365cf14a737b40257b7ade7d5cad47cf810b40b5acfa8ab242d0e8,182,0xeaf062ea74e9c7cb3fd67733982fe898df5409ec2e8f76c1d9c97972c3dc2c05,0x56c5aabe2a39c5c5c14f2c4f7ee4bd31268349bd,0xd4d5da2914e8e43eaca565357e4f7e09961dd8be,0x3619c6eb1ba194fb81f5a23e6f8ff9a836aa6b32,1.0602674482481846e+18,Alien Brain Capital DAO,ABCD,9,153,326107,82213811124,244282,13031646,deprecated,1438694
154,13746016,2021-12-05 12:14:06,0xedd70a05e2999cbb5e1cf9e776a9ac28446a6965bf29be8c78f9e54994bd88f3,184,0x709f6d76c35660c223d1c40a0e2477a36497e2e6abf99f31d9b6ebd0b80c6366,0xb4115db88bf4f23f572d337b7c854a4471f19903,0x0558e7694e76663bcac9846291cba0279232d5ec,0x3619c6eb1ba194fb81f5a23e6f8ff9a836aa6b32,4.3e+18,McDonald Brain Capital DAO,MBCD,9,244,339842,88852139552,248202,20406619,deprecated,1437953
155,13748931,2021-12-05 23:40:03,0x925f7a9a86b2d6b84c0764d2ff48dd2babbbeac2be33ab4b25336d2224310db8,187,0x2cbab84bb69e0a611cb40085ab2183ca90635809de392f89ed51012c3efc1406,0x3619c6eb1ba194fb81f5a23e6f8ff9a836aa6b32,0x0558e7694e76663bcac9846291cba0279232d5ec,0x0558e7694e76663bcac9846291cba0279232d5ec,6.02e+17,McDonald Brain Capital DAO,MBCD,9,245,388219,96567395352,269144,16724468,deprecated,1435038
156,13748931,2021-12-05 23:40:03,0x925f7a9a86b2d6b84c0764d2ff48dd2babbbeac2be33ab4b25336d2224310db8,187,0x2cbab84bb69e0a611cb40085ab2183ca90635809de392f89ed51012c3efc1406,0x3619c6eb1ba194fb81f5a23e6f8ff9a836aa6b32,0x0558e7694e76663bcac9846291cba0279232d5ec,0xb4115db88bf4f23f572d337b7c854a4471f19903,3.698e+18,McDonald Brain Capital DAO,MBCD,9,245,388219,96567395352,269144,16724468,deprecated,1435038
157,13748947,2021-12-05 23:44:02,0xda6601b0b3ba5756114f9dfa53df71c430163a457248fa2fc9bf1a2da81483b1,188,0x66c267b34f2e29b93d48dedf3358278c89e4cb91395e53ab036ee97140fe91d5,0x56c5aabe2a39c5c5c14f2c4f7ee4bd31268349bd,0xd4d5da2914e8e43eaca565357e4f7e09961dd8be,0x3619c6eb1ba194fb81f5a23e6f8ff9a836aa6b32,3.87e+17,Alien Brain Capital DAO,ABCD,9,104,233130,99217387631,169691,12967939,deprecated,1435022
158,13749075,2021-12-06 00:10:40,0x4cc9b3c3d7b3a0729073b78625a0557c768d04f3afff1368c5661e405997f057,190,0xee0c86552c700e2ae80bcc04638c6ed516f49373f94dfeb89f2e83c3fb2be3b7,0x3619c6eb1ba194fb81f5a23e6f8ff9a836aa6b32,0xd4d5da2914e8e43eaca565357e4f7e09961dd8be,0xd4d5da2914e8e43eaca565357e4f7e09961dd8be,2.0261744275474586e+17,Alien Brain Capital DAO,ABCD,9,334,390066,88661267703,260267,25116015,deprecated,1434894
159,13749075,2021-12-06 00:10:40,0x4cc9b3c3d7b3a0729073b78625a0557c768d04f3afff1368c5661e405997f057,190,0xee0c86552c700e2ae80bcc04638c6ed516f49373f94dfeb89f2e83c3fb2be3b7,0x3619c6eb1ba194fb81f5a23e6f8ff9a836aa6b32,0xd4d5da2914e8e43eaca565357e4f7e09961dd8be,0x56c5aabe2a39c5c5c14f2c4f7ee4bd31268349bd,1.2446500054934387e+18,Alien Brain Capital DAO,ABCD,9,334,390066,88661267703,260267,25116015,deprecated,1434894
160,13749082,2021-12-06 00:12:14,0xa6eaae64c7e4f407a969708ad2143d77f82b2ddbc1c12b39889623911d66a282,191,0x75afe9d89a998e6ba5b14dbc31321b9a974a7e37bcaac2aceb7679ff89147a1e,0xb4115db88bf4f23f572d337b7c854a4471f19903,0x0558e7694e76663bcac9846291cba0279232d5ec,0x3619c6eb1ba194fb81f5a23e6f8ff9a836aa6b32,5.54942025475293e+18,McDonald Brain Capital DAO,MBCD,9,47,310719,97547196261,231660,2897653,deprecated,1434887
161,13750039,2021-12-06 04:01:11,0xd85cb7e6874a5de836a10dd134fdeb87f24b4032ad33560c80449d25265cf6f7,192,0x753cc8f8a578d2a506fa4418b5f85959dee956711a62b470869eb6726c6de692,0x3619c6eb1ba194fb81f5a23e6f8ff9a836aa6b32,0x0558e7694e76663bcac9846291cba0279232d5ec,0x0558e7694e76663bcac9846291cba0279232d5ec,7.769188356654102e+17,McDonald Brain Capital DAO,MBCD,9,21,400747,82275756584,269168,3412233,deprecated,1433930
162,13750039,2021-12-06 04:01:11,0xd85cb7e6874a5de836a10dd134fdeb87f24b4032ad33560c80449d25265cf6f7,192,0x753cc8f8a578d2a506fa4418b5f85959dee956711a62b470869eb6726c6de692,0x3619c6eb1ba194fb81f5a23e6f8ff9a836aa6b32,0x0558e7694e76663bcac9846291cba0279232d5ec,0xb4115db88bf4f23f572d337b7c854a4471f19903,4.77250141908752e+18,McDonald Brain Capital DAO,MBCD,9,21,400747,82275756584,269168,3412233,deprecated,1433930
163,13750045,2021-12-06 04:02:03,0x5ba45bfebe20a42386359831bc0f45273852771e68841f10c714b05c7d82822b,193,0x3fdf5fa9b9a94c8e0e9760fba630cdba59c2180007e04a8b7c817c565c5eedb4,0x56c5aabe2a39c5c5c14f2c4f7ee4bd31268349bd,0xd4d5da2914e8e43eaca565357e4f7e09961dd8be,0x3619c6eb1ba194fb81f5a23e6f8ff9a836aa6b32,2.3994e+18,Alien Brain Capital DAO,ABCD,9,277,310974,84520459428,234561,17296038,deprecated,1433924
164,13750438,2021-12-06 05:22:38,0xf79e5f00a68fa12f64563b285d32a08cc8378172f1fc5ed852f810e65c03c419,194,0x46813792fe1adf679ef952d12e09f98d9f352f1e685b1815b826c7e776db29bc,0x3619c6eb1ba194fb81f5a23e6f8ff9a836aa6b32,0x25b3e27f03fd51163818b111690066e1b088f800,0xbe1b79e28ace6c82a654a46e5c65b0578e5f9a4f,2.2724739267435553e+18,Multi Farm Capital v2,MFC,9,84,233116,86472976357,166576,6079551,deprecated,1433531
165,13750444,2021-12-06 05:24:08,0xa53847028d7ae0f4467ea8b0fa135c986b89a243b29ea979343350e1e1dc2472,195,0x604c24b970b0deeeb4ca3b656dbba3b2f9053b13a8e219ce20333d207bf1512b,0x56c5aabe2a39c5c5c14f2c4f7ee4bd31268349bd,0xd4d5da2914e8e43eaca565357e4f7e09961dd8be,0x3619c6eb1ba194fb81f5a23e6f8ff9a836aa6b32,2.58e+17,Alien Brain Capital DAO,ABCD,9,355,233130,84386404285,169691,25730750,deprecated,1433525
166,13750449,2021-12-06 05:26:09,0x6f6472d8b12b9e93e5b574d0be9b89e6c92ae494b596dcfc2f9fb99ec3ac786a,196,0x0d76233ca5ec180f45809de179fa223de92baf589e96ea4d7e4dde5e86a6d99f,0x56c5aabe2a39c5c5c14f2c4f7ee4bd31268349bd,0xd4d5da2914e8e43eaca565357e4f7e09961dd8be,0x3619c6eb1ba194fb81f5a23e6f8ff9a836aa6b32,2.408e+18,Alien Brain Capital DAO,ABCD,9,300,220630,94348674303,159275,28350153,deprecated,1433520
167,13751080,2021-12-06 07:52:36,0x74be912076604d1f195144961e1b9729c3f1ddc896f42e77943370d05949fa28,197,0xebe5743f28b926a55890d4ee9abce8ef133107833e3fa88c077a50b89d439c50,0x56c5aabe2a39c5c5c14f2c4f7ee4bd31268349bd,0xd4d5da2914e8e43eaca565357e4f7e09961dd8be,0x3619c6eb1ba194fb81f5a23e6f8ff9a836aa6b32,1.075e+18,Alien Brain Capital DAO,ABCD,9,165,233130,63133351089,169691,10569478,deprecated,1432889
168,13751206,2021-12-06 08:21:43,0x9e077a366da3d0656f28f2f7aa1e24a857845c8876c1509a5800f366e59d4e5a,199,0x9457063991e83f8739bf56efb0d63bbae36c85de0f7180957823b6f30141b145,0x3619c6eb1ba194fb81f5a23e6f8ff9a836aa6b32,0xd4d5da2914e8e43eaca565357e4f7e09961dd8be,0xd4d5da2914e8e43eaca565357e4f7e09961dd8be,8.59656e+17,Alien Brain Capital DAO,ABCD,9,374,390051,81641565820,260255,22901533,deprecated,1432763
169,13751206,2021-12-06 08:21:43,0x9e077a366da3d0656f28f2f7aa1e24a857845c8876c1509a5800f366e59d4e5a,199,0x9457063991e83f8739bf56efb0d63bbae36c85de0f7180957823b6f30141b145,0x3619c6eb1ba194fb81f5a23e6f8ff9a836aa6b32,0xd4d5da2914e8e43eaca565357e4f7e09961dd8be,0x56c5aabe2a39c5c5c14f2c4f7ee4bd31268349bd,5.280744e+18,Alien Brain Capital DAO,ABCD,9,374,390051,81641565820,260255,22901533,deprecated,1432763
170,13751459,2021-12-06 09:21:39,0x0e915d092ecdf34e543d5b793a38f7fc15ad990300c4df44e91021bc38361ef0,200,0x9049d19ba4af0de9f1ddedadc179af1b5b279a4f98d16fcaf5e26aae5c5be445,0xbe1b79e28ace6c82a654a46e5c65b0578e5f9a4f,0x25b3e27f03fd51163818b111690066e1b088f800,0x3619c6eb1ba194fb81f5a23e6f8ff9a836aa6b32,1.3040254575920023e+18,Multi Farm Capital v2,MFC,9,32,196428,103970427728,135105,2355185,deprecated,1432510
171,13757201,2021-12-07 07:08:30,0x5e89b0d16eb4b2f1f0c662977f498badf8b20d32bbe109718131d1817a704b67,273,0x6146022d2dda60fb5451be4878a086f1d7ebcd6c9befaafb14e0d1a86ac976af,0x0000000000000000000000000000000000000000,0x5fe301f9479c2962dd48df2ede79436f9663550a,0x3619c6eb1ba194fb81f5a23e6f8ff9a836aa6b32,1.9e+17,KAI Bridge ETH,KB-ETH,18,58,142810,80000000000,87564,4518922,deprecated,1426768
172,13757201,2021-12-07 07:08:30,0x5e89b0d16eb4b2f1f0c662977f498badf8b20d32bbe109718131d1817a704b67,273,0x6146022d2dda60fb5451be4878a086f1d7ebcd6c9befaafb14e0d1a86ac976af,0x3619c6eb1ba194fb81f5a23e6f8ff9a836aa6b32,0x5fe301f9479c2962dd48df2ede79436f9663550a,0x0000000000000000000000000000000000000000,1.9e+17,KAI Bridge ETH,KB-ETH,18,58,142810,80000000000,87564,4518922,deprecated,1426768
173,13757201,2021-12-07 07:08:30,0x5e89b0d16eb4b2f1f0c662977f498badf8b20d32bbe109718131d1817a704b67,273,0x6146022d2dda60fb5451be4878a086f1d7ebcd6c9befaafb14e0d1a86ac976af,0x5fe301f9479c2962dd48df2ede79436f9663550a,0xc02aaa39b223fe8d0a0e5c4f27ead9083c756cc2,0x3619c6eb1ba194fb81f5a23e6f8ff9a836aa6b32,1.9e+17,Wrapped Ether,WETH,18,58,142810,80000000000,87564,4518922,deprecated,1426768
174,13757214,2021-12-07 07:12:21,0x5d39c7688b652df44ee7b083b698c2f9a407f54d17325fe5c620768a51a8a991,202,0xcce72b4c08e2340fa576fc911af281c0af954d30fdd6d8df281277325904b10a,0x3619c6eb1ba194fb81f5a23e6f8ff9a836aa6b32,0xc02aaa39b223fe8d0a0e5c4f27ead9083c756cc2,0x74de5d4fcbf63e00296fd95d33236b9794016631,1.9e+17,Wrapped Ether,WETH,18,165,194323,80689383297,139676,22194659,deprecated,1426755
175,13758353,2021-12-07 11:46:06,0xf4510784b905bfa8f8891cf9a12721f97f5569d4585d0b33a858dd703415fdd1,203,0x98d8dc28088af29ef9736268b4a66088e9025f7f9960573088e6dc8febae35aa,0xb4115db88bf4f23f572d337b7c854a4471f19903,0x0558e7694e76663bcac9846291cba0279232d5ec,0x3619c6eb1ba194fb81f5a23e6f8ff9a836aa6b32,4.73e+18,McDonald Brain Capital DAO,MBCD,9,110,340227,65346681901,258939,9588640,deprecated,1425616
176,13758984,2021-12-07 14:12:50,0x4466d2d82c3a75480d45e8e08122b9c0f5e456d7406be29bb81dc56669012ff9,204,0x2dca6fd5e1e0f97463e875ae12696efb0abe532ed5a4c7e67c7fa6302eab1358,0x3619c6eb1ba194fb81f5a23e6f8ff9a836aa6b32,0x25b3e27f03fd51163818b111690066e1b088f800,0xbe1b79e28ace6c82a654a46e5c65b0578e5f9a4f,1.1753801168747203e+18,Multi Farm Capital v2,MFC,9,477,233116,70473584336,166576,28921857,deprecated,1424985
177,13758995,2021-12-07 14:15:24,0xbd9347a2aad2aab315cca034c893f22760a1f71038994bfcdc2f18fd688d864e,205,0xc22c10f6eec4498e4058d86d37c65e2d004582ea1b4d706bab9932d2f70ba300,0xaa788452bf40e540f2e76eea20d2fe9702d8f27f,0xbaa9af8a83500ac4137c555b9e58ccb3e1f2269d,0x3619c6eb1ba194fb81f5a23e6f8ff9a836aa6b32,6.675e+23,ShinChan Token,Shinnosuke,9,167,246823,79225432531,191518,10411311,deprecated,1424974
178,13766287,2021-12-08 18:09:44,0xeb1cde787b7ebb061c06beec811a88b2faf136ba33b30666548e427a0b3cf4d3,208,0xad0ff940d3de6f3e2157a07369b83bc92a69fd44c43aaf72427cf6991ad9c06a,0x3619c6eb1ba194fb81f5a23e6f8ff9a836aa6b32,0xbaa9af8a83500ac4137c555b9e58ccb3e1f2269d,0xaa788452bf40e540f2e76eea20d2fe9702d8f27f,5.431458940786991e+23,ShinChan Token,Shinnosuke,9,370,419320,76950573704,277797,28541552,deprecated,1417682
179,13766294,2021-12-08 18:10:56,0x967cdd6e92ff7e2dd8b28b966d5972c41e3f50def849e4a38b6632afd01f98e7,210,0xb0ab250e699ecfb54895a9fdb1027a7aa6e68bfb0c65095048b744f2a4fddac2,0xe5d6fc7323d74ad440ca53d3e53252427ad632ed,0x39317b8a1ae06c30bb615d88cdc5522781499f1c,0x3619c6eb1ba194fb81f5a23e6f8ff9a836aa6b32,1.43885e+22,BRAINS,BRAINS,18,218,210114,81781315287,150511,15778579,deprecated,1417675
180,13766880,2021-12-08 20:24:46,0x9332aacdedb6f98dd9574d3e7fa1ae4c8a657002eaecae0a1dd34f8b870a0c7f,212,0x3cd52d6c526258adaa238fe08765d3eca24e6846b82f96fb7ebbdb0cda93a64b,0x3619c6eb1ba194fb81f5a23e6f8ff9a836aa6b32,0x39317b8a1ae06c30bb615d88cdc5522781499f1c,0xc610dcdfaefd034211aa5770e8974120c4251e2f,1.3956e+22,BRAINS,BRAINS,18,267,242465,85791385974,115289,24010850,deprecated,1417089
181,13780459,2021-12-10 23:51:03,0xb14b3f5c5ece2ac9103f181d21e7a84c159665987139e2055db87c2956a9d8e8,214,0x2bef01484f2a25bca9e931e538734f259b72f803683bcb5a8932a6be0fa5ae0c,0xc610dcdfaefd034211aa5770e8974120c4251e2f,0x39317b8a1ae06c30bb615d88cdc5522781499f1c,0x3619c6eb1ba194fb81f5a23e6f8ff9a836aa6b32,1.51276442273088e+20,BRAINS,BRAINS,18,267,207420,104195020289,205236,24358597,deprecated,1403510
182,13780459,2021-12-10 23:51:03,0xb14b3f5c5ece2ac9103f181d21e7a84c159665987139e2055db87c2956a9d8e8,214,0x2bef01484f2a25bca9e931e538734f259b72f803683bcb5a8932a6be0fa5ae0c,0x3619c6eb1ba194fb81f5a23e6f8ff9a836aa6b32,0x39317b8a1ae06c30bb615d88cdc5522781499f1c,0xc610dcdfaefd034211aa5770e8974120c4251e2f,0.0,BRAINS,BRAINS,18,267,207420,104195020289,205236,24358597,deprecated,1403510
183,13788633,2021-12-12 06:11:50,0x3f1c631107d17dd3b0d908901bccbeb174e58812e01986fc457df0bb71b2f36d,215,0xef856a6994900243b6c5831c5c00638958d76ec2f025b6c0999993953ab9c3cd,0xc610dcdfaefd034211aa5770e8974120c4251e2f,0x39317b8a1ae06c30bb615d88cdc5522781499f1c,0x3619c6eb1ba194fb81f5a23e6f8ff9a836aa6b32,9.1477886446908e+19,BRAINS,BRAINS,18,16,207976,41319107720,198376,1492793,deprecated,1395336
184,13788633,2021-12-12 06:11:50,0x3f1c631107d17dd3b0d908901bccbeb174e58812e01986fc457df0bb71b2f36d,215,0xef856a6994900243b6c5831c5c00638958d76ec2f025b6c0999993953ab9c3cd,0xc610dcdfaefd034211aa5770e8974120c4251e2f,0x39317b8a1ae06c30bb615d88cdc5522781499f1c,0x3619c6eb1ba194fb81f5a23e6f8ff9a836aa6b32,1.32582e+22,BRAINS,BRAINS,18,16,207976,41319107720,198376,1492793,deprecated,1395336
185,13809479,2021-12-15 11:35:20,0x1336734b09266252365a833c1ee5826f4b8482a8df64006c43b29474df5a3644,216,0xd624773f0d73ee656b4e24f84f5fc10e6856eb4c4473e709b2ef45449cfc4b80,0xbe1b79e28ace6c82a654a46e5c65b0578e5f9a4f,0x25b3e27f03fd51163818b111690066e1b088f800,0x3619c6eb1ba194fb81f5a23e6f8ff9a836aa6b32,3.15e+18,Multi Farm Capital v2,MFC,9,69,203841,57259457552,142484,6230394,deprecated,1374490
186,13809497,2021-12-15 11:38:02,0x5c554c5a7194be9ade6d6d5aef1d37f36e5abc4a86284dbf68e0a2681ffeb69f,217,0xa5a1bb17e439541b85bd177cf776f7e9b40679908e3506022b4d0a57e4027fb5,0xe5d6fc7323d74ad440ca53d3e53252427ad632ed,0x39317b8a1ae06c30bb615d88cdc5522781499f1c,0x3619c6eb1ba194fb81f5a23e6f8ff9a836aa6b32,2.5e+22,BRAINS,BRAINS,18,290,189608,44957407377,133423,28120113,deprecated,1374472
187,13812075,2021-12-15 21:09:03,0x9304118d0c491be1fd25fc09eda016ac26a4c4d0bd283bcb3283961470079f1b,218,0xeee2388d6491fcc08486b290e9eaed820114cfa430ca1641ddd3b5bd8eea783f,0xdc918e6d10df638b52463cd2768671acd5981a22,0xc18786226aa20f4a837693e27d032fea3e82e318,0x3619c6eb1ba194fb81f5a23e6f8ff9a836aa6b32,5.3014320099e+27,FREE ASSANGE,ASSANGE,18,320,204172,114508896319,145560,24148240,deprecated,1371894
188,13812629,2021-12-15 23:11:32,0xfca9f015f5617237c81a7b6ae56481ba3c8343f61743bd3d8b28e45512ca630d,219,0x6b3f8c04f6f87a6cebb2bd78a201f36ea551543df95a727fdd3e57610936a101,0xdc918e6d10df638b52463cd2768671acd5981a22,0xc18786226aa20f4a837693e27d032fea3e82e318,0x3619c6eb1ba194fb81f5a23e6f8ff9a836aa6b32,3.9886020099e+27,FREE ASSANGE,ASSANGE,18,215,204172,72035515706,145560,20877170,deprecated,1371340
189,13815170,2021-12-16 08:38:07,0xedafa14bbec4c0ceca195711a9f8980429607de7f0c56a6b7d67e076e2b0f952,221,0x9b25c868add63cdf9357e55ee793ca7da92e62eaa57e9aaa752ca20fbd930a60,0x3619c6eb1ba194fb81f5a23e6f8ff9a836aa6b32,0xc18786226aa20f4a837693e27d032fea3e82e318,0xdc918e6d10df638b52463cd2768671acd5981a22,8.36103061782e+27,FREE ASSANGE,ASSANGE,18,195,393751,55361838043,260944,12523215,deprecated,1368799
190,13815170,2021-12-16 08:38:07,0xedafa14bbec4c0ceca195711a9f8980429607de7f0c56a6b7d67e076e2b0f952,221,0x9b25c868add63cdf9357e55ee793ca7da92e62eaa57e9aaa752ca20fbd930a60,0xe5d6fc7323d74ad440ca53d3e53252427ad632ed,0x39317b8a1ae06c30bb615d88cdc5522781499f1c,0x3619c6eb1ba194fb81f5a23e6f8ff9a836aa6b32,2.3546240079593768e+22,BRAINS,BRAINS,18,195,393751,55361838043,260944,12523215,deprecated,1368799
191,13819141,2021-12-16 23:32:09,0xf44822759101ebf957469872cc1d22dbc4502a01af5ef455855655ddba85ee82,222,0x144b1f9996c7c7ee23a8463b53b894c48aeccb755f27a0ad6dcfaf8990358e97,0x3619c6eb1ba194fb81f5a23e6f8ff9a836aa6b32,0x25b3e27f03fd51163818b111690066e1b088f800,0xbe1b79e28ace6c82a654a46e5c65b0578e5f9a4f,2.8636853386707333e+18,Multi Farm Capital v2,MFC,9,105,233116,99615454262,166576,15028122,deprecated,1364828
192,13819282,2021-12-17 00:03:00,0x2316aac72819d438e806599374f8ad4d0f601e3d4312ce8be71f72cb37187a36,224,0xc8e86355300c5d6f6c2f374d19dfc90adda2ef10ce2d47bef784f919d7c1f599,0x7e666dec650bc348a9457752f6bf697cec578b01,0x96c82035d272e33aadd788b9b01f9a244b882a30,0x3619c6eb1ba194fb81f5a23e6f8ff9a836aa6b32,4.286733731087826e+17,Shell,Shell,9,268,243837,79370628560,187212,19800650,deprecated,1364687
193,13820098,2021-12-17 03:04:38,0xb5aef3f85845efea01fa652c77c5eb55ca5257f9c129f83e7f059eb6f46f653f,226,0xee79e26ec42a6876b8e1d1079685df60783a13b2757e6bd3c3e95b99eb8cef7e,0xf294737d95370d198813b62c8017168b4c9f7855,0xcb2025c4016bd41abb11a4488516999b4e2e45bc,0x3619c6eb1ba194fb81f5a23e6f8ff9a836aa6b32,6.3e+25,Exceed Infinity,XFIN,18,24,318152,66125809012,240543,2906810,deprecated,1363871
194,13820098,2021-12-17 03:04:38,0xb5aef3f85845efea01fa652c77c5eb55ca5257f9c129f83e7f059eb6f46f653f,226,0xee79e26ec42a6876b8e1d1079685df60783a13b2757e6bd3c3e95b99eb8cef7e,0x0000000000000000000000000000000000000000,0x5acb1746fe6577438162635707fcfe0ad124d035,0x3619c6eb1ba194fb81f5a23e6f8ff9a836aa6b32,6.3e+25,ExceedInfinity_DividendTracker,ExceedInfinity_DividendTracker,18,24,318152,66125809012,240543,2906810,deprecated,1363871
195,13824736,2021-12-17 20:25:00,0x86ccded1e325bae67f6bee000b526899bc5ea32f642e24c1076fecc188d74485,229,0x87e889706aa78f99ea6eff07dd19d4de13fd15f53439e3e76c8251b8df363ff6,0x3619c6eb1ba194fb81f5a23e6f8ff9a836aa6b32,0xcb2025c4016bd41abb11a4488516999b4e2e45bc,0xcb2025c4016bd41abb11a4488516999b4e2e45bc,6.3e+24,Exceed Infinity,XFIN,18,370,560964,59015718807,385542,28129558,deprecated,1359233
196,13824736,2021-12-17 20:25:00,0x86ccded1e325bae67f6bee000b526899bc5ea32f642e24c1076fecc188d74485,229,0x87e889706aa78f99ea6eff07dd19d4de13fd15f53439e3e76c8251b8df363ff6,0x3619c6eb1ba194fb81f5a23e6f8ff9a836aa6b32,0xcb2025c4016bd41abb11a4488516999b4e2e45bc,0xf294737d95370d198813b62c8017168b4c9f7855,5.67e+25,Exceed Infinity,XFIN,18,370,560964,59015718807,385542,28129558,deprecated,1359233
197,13824736,2021-12-17 20:25:00,0x86ccded1e325bae67f6bee000b526899bc5ea32f642e24c1076fecc188d74485,229,0x87e889706aa78f99ea6eff07dd19d4de13fd15f53439e3e76c8251b8df363ff6,0x3619c6eb1ba194fb81f5a23e6f8ff9a836aa6b32,0x5acb1746fe6577438162635707fcfe0ad124d035,0x0000000000000000000000000000000000000000,6.3e+25,ExceedInfinity_DividendTracker,ExceedInfinity_DividendTracker,18,370,560964,59015718807,385542,28129558,deprecated,1359233
198,13824828,2021-12-17 20:41:40,0x3cfa77660df77630ab9003c4814a597598719e9974da535c3256d3c9213b697b,231,0xb4716e311e06a1528c655a28dc24d3b6af7bb440e0a2f89f4e083d781a47c81c,0xf3c57c2ac28464ee8cf1e21844d112885a07e9fe,0x68f3062e07fd4d70ada23d97d5bda8a8f218d38f,0x3619c6eb1ba194fb81f5a23e6f8ff9a836aa6b32,6.797545515109394e+16,Witcher Inu,WINU,9,109,216004,65425301386,166170,7529412,deprecated,1359141
199,13825136,2021-12-17 21:53:08,0x7de21f26200ec79618e735d61860223de52f823b73aa8c2ec7a0cbd53264cab8,233,0x4341f451e85c099b73e1de3fd65736ca9067d798224f037f21148c38bb02d65e,0xf3c57c2ac28464ee8cf1e21844d112885a07e9fe,0x68f3062e07fd4d70ada23d97d5bda8a8f218d38f,0x3619c6eb1ba194fb81f5a23e6f8ff9a836aa6b32,4.650915349598093e+16,Witcher Inu,WINU,9,187,207885,89662426749,138678,11076142,deprecated,1358833
200,13842219,2021-12-20 13:11:40,0xfec2e09ca03e163cc74aafacf6bd775d3de41842090b4bf2e99d0fe4972a9bf7,236,0x7136ff92004a63e1d15071f1cecb70f2e0219f074d9dca976419cc3a5756da8e,0x3619c6eb1ba194fb81f5a23e6f8ff9a836aa6b32,0x39317b8a1ae06c30bb615d88cdc5522781499f1c,0xe5d6fc7323d74ad440ca53d3e53252427ad632ed,6.059165220592595e+22,BRAINS,BRAINS,18,133,373015,30916916111,247535,13738375,deprecated,1341750
201,13842294,2021-12-20 13:28:18,0xd64cbf996050fc18d0e1d8f15f61f36067096658683a0a1c73e4936872d37102,237,0xb9dfe5a98545700609701db90f602659213bf314dcfde2cb40bdbb1ba5815258,0xf3c57c2ac28464ee8cf1e21844d112885a07e9fe,0x68f3062e07fd4d70ada23d97d5bda8a8f218d38f,0x3619c6eb1ba194fb81f5a23e6f8ff9a836aa6b32,2.341521875420909e+16,Witcher Inu,WINU,9,114,237873,45877446248,149070,7802578,deprecated,1341675
202,13845450,2021-12-21 00:44:20,0xc31be8d59ffcf3d67e7787013d729f36e4f133b530e73040d90d93ed80dec936,238,0x5f9db15d66ab730dd38e5120303c050f9662855f09de20a5f35c40bfeefb5662,0xf3c57c2ac28464ee8cf1e21844d112885a07e9fe,0x68f3062e07fd4d70ada23d97d5bda8a8f218d38f,0x3619c6eb1ba194fb81f5a23e6f8ff9a836aa6b32,1.60259855908721e+16,Witcher Inu,WINU,9,210,207842,72906044530,138642,14819873,deprecated,1338519
203,13851230,2021-12-21 22:18:20,0xd8e6c445a043499d171fc79e29abaac966f4c8dede71d77754275d61b0635ee8,239,0xdc9f7e51d35a30657c69ed8e76c3acf88d65e6fa474eb14f8816fe233acaf24b,0x3619c6eb1ba194fb81f5a23e6f8ff9a836aa6b32,0x68f3062e07fd4d70ada23d97d5bda8a8f218d38f,0xf3c57c2ac28464ee8cf1e21844d112885a07e9fe,1.4622952234254826e+17,Witcher Inu,WINU,9,310,378739,100334689695,251351,26528955,deprecated,1332739
204,13851968,2021-12-22 01:07:08,0x33a8668c3a13829429f0f4913194f80b0af2f9763371450fa37e7506239d071f,241,0xe0c9979cf319ed474afe777f988c723110122c200a0c7fc1ce9b4b5204de8610,0x4f289bfde1e4910d58db64df06dfa817652b7b43,0xc10b30820f793e24733dc80da12c798dfbff0fff,0x3619c6eb1ba194fb81f5a23e6f8ff9a836aa6b32,3.654098610951043e+18,SCARDust,SCARD,9,203,318123,141363373785,237969,15537095,deprecated,1332001
205,13857004,2021-12-22 19:58:00,0xc3d064a53566b40f61b4b4ef17df4850fe8e204892729db216ebe55581456842,245,0xa9d36252404325c3e655d1fb7ef69f409bc4a6e3951ba52a98ee64cdbee92dbc,0xf3c57c2ac28464ee8cf1e21844d112885a07e9fe,0x68f3062e07fd4d70ada23d97d5bda8a8f218d38f,0x3619c6eb1ba194fb81f5a23e6f8ff9a836aa6b32,1.33e+17,Witcher Inu,WINU,9,118,234874,101035555490,171765,7319616,deprecated,1326965
206,13857208,2021-12-22 20:43:32,0x50a3ff1d6bb9302292806434eee796779e5d140e1a575c38df9b1fc46fdf83ff,246,0x627d4e903002eb989abb521746ea1a2cecdc611fc0d39e9f0e50d0bcecf25d1c,0x3619c6eb1ba194fb81f5a23e6f8ff9a836aa6b32,0xc10b30820f793e24733dc80da12c798dfbff0fff,0xc10b30820f793e24733dc80da12c798dfbff0fff,4.0561890306410534e+17,SCARDust,SCARD,9,188,474511,78259437676,345798,18743240,deprecated,1326761
207,13857208,2021-12-22 20:43:32,0x50a3ff1d6bb9302292806434eee796779e5d140e1a575c38df9b1fc46fdf83ff,246,0x627d4e903002eb989abb521746ea1a2cecdc611fc0d39e9f0e50d0bcecf25d1c,0x3619c6eb1ba194fb81f5a23e6f8ff9a836aa6b32,0xc10b30820f793e24733dc80da12c798dfbff0fff,0x4f289bfde1e4910d58db64df06dfa817652b7b43,3.244951224512843e+18,SCARDust,SCARD,9,188,474511,78259437676,345798,18743240,deprecated,1326761
208,13857210,2021-12-22 20:44:04,0x8fc466780980c3f253c88c4ed22d921d8da307f77d162f80f718aa7ff21d2243,247,0xc99eee228d2b61bbcf660f7ef40803534a30235490c8902ea6a3eefb29c5b5bd,0xf3c57c2ac28464ee8cf1e21844d112885a07e9fe,0x68f3062e07fd4d70ada23d97d5bda8a8f218d38f,0x3619c6eb1ba194fb81f5a23e6f8ff9a836aa6b32,5.13e+16,Witcher Inu,WINU,9,418,214340,89020482925,144237,29862964,deprecated,1326759
209,13858404,2021-12-23 01:02:22,0x2c97c775b53fef4f47feb503d9351a450f8b45547ee7690f5e061c37ccb4f006,248,0x7abe1364d942d62ea93244b88592629a112a2207bc87bed913cc8be14f7b09d0,0x2df9f3e094f6e64cd0ab85d49aa9929e535c47a4,0x0bfdf8d78e68abdbff68a922b04a944a340c223a,0x3619c6eb1ba194fb81f5a23e6f8ff9a836aa6b32,1.0625e+16,Celty Inu,Celty,9,123,258391,99339057314,180946,11972895,deprecated,1325565
210,13858804,2021-12-23 02:35:20,0x57e9538f3d594dcc5b23fad96bcf132df68920f5867edb64db69d74a31fd0af1,250,0xf9fb8ccd226f5f520d35149f6fa5d251ecb0d9f0c016fb8b3b6474531f4bbef9,0x3619c6eb1ba194fb81f5a23e6f8ff9a836aa6b32,0x0bfdf8d78e68abdbff68a922b04a944a340c223a,0x2df9f3e094f6e64cd0ab85d49aa9929e535c47a4,9103438006219250.0,Celty Inu,Celty,9,55,248788,95256313275,183196,7638340,deprecated,1325165
211,13858818,2021-12-23 02:39:12,0x8f70bf5a3d3d31ff64264033d1ec1be94708209d26246ebad2658701fa8be331,251,0x645a6c0922eb55ddeeff1ed68048b46ce61cc8543f21cbcbdd8b4b4d24488300,0x3e26a29bf6e8d49f93bb05192af2afdddb46e85e,0xe8936a5ef3f3d7d24d46984fd9d0b06270442ab5,0x3619c6eb1ba194fb81f5a23e6f8ff9a836aa6b32,1.008e+28,Honey Bee Inu,HONEY,18,223,462711,104392023361,349524,15554432,deprecated,1325151
212,13858818,2021-12-23 02:39:12,0x8f70bf5a3d3d31ff64264033d1ec1be94708209d26246ebad2658701fa8be331,251,0x645a6c0922eb55ddeeff1ed68048b46ce61cc8543f21cbcbdd8b4b4d24488300,0x0000000000000000000000000000000000000000,0xfd2e2193277f1ce08c3e41f87bea63cc6fb02c4a,0x3619c6eb1ba194fb81f5a23e6f8ff9a836aa6b32,1.008e+28,Honey Bee Inu Dividends,HONEY_D,18,223,462711,104392023361,349524,15554432,deprecated,1325151
213,13859215,2021-12-23 04:06:45,0x08cb43f3f8a32b00a6639318d12eb40dedd39e835097d78af1460d275b9cf6bf,252,0x73af0171d607ea0273700f75f4b1d1270456c17494bf0201ff81a79e367ed2dc,0x3e26a29bf6e8d49f93bb05192af2afdddb46e85e,0xe8936a5ef3f3d7d24d46984fd9d0b06270442ab5,0x3619c6eb1ba194fb81f5a23e6f8ff9a836aa6b32,8.4e+27,Honey Bee Inu,HONEY,18,99,334161,65841894576,254504,6691474,deprecated,1324754
214,13859215,2021-12-23 04:06:45,0x08cb43f3f8a32b00a6639318d12eb40dedd39e835097d78af1460d275b9cf6bf,252,0x73af0171d607ea0273700f75f4b1d1270456c17494bf0201ff81a79e367ed2dc,0x0000000000000000000000000000000000000000,0xfd2e2193277f1ce08c3e41f87bea63cc6fb02c4a,0x3619c6eb1ba194fb81f5a23e6f8ff9a836aa6b32,8.4e+27,Honey Bee Inu Dividends,HONEY_D,18,99,334161,65841894576,254504,6691474,deprecated,1324754
215,13861567,2021-12-23 13:03:36,0x60f7d5d8767c6c92ec661eaec080d9b068ff7b9d1416c71f503a643e17e0d12e,253,0xec847a7883a34dc04456e6b65a12ba4f3a0c6652ec48be4ca5acccfa5f5b0ca1,0x3619c6eb1ba194fb81f5a23e6f8ff9a836aa6b32,0x68f3062e07fd4d70ada23d97d5bda8a8f218d38f,0xf3c57c2ac28464ee8cf1e21844d112885a07e9fe,1.75085e+17,Witcher Inu,WINU,9,365,378724,54363483412,251341,25748386,deprecated,1322402
216,13861571,2021-12-23 13:04:52,0xb9ba82dccb3530490512a4bd0e1f73558eae89c52e9c998be4bec7647c439616,254,0x060556015addc63fbfe61c176997403d5fa3c971dd9ecfd9dc506ddf611927f6,0x3e26a29bf6e8d49f93bb05192af2afdddb46e85e,0xe8936a5ef3f3d7d24d46984fd9d0b06270442ab5,0x3619c6eb1ba194fb81f5a23e6f8ff9a836aa6b32,8.4e+27,Honey Bee Inu,HONEY,18,126,293121,63839645957,220304,7948430,deprecated,1322398
217,13861571,2021-12-23 13:04:52,0xb9ba82dccb3530490512a4bd0e1f73558eae89c52e9c998be4bec7647c439616,254,0x060556015addc63fbfe61c176997403d5fa3c971dd9ecfd9dc506ddf611927f6,0x0000000000000000000000000000000000000000,0xfd2e2193277f1ce08c3e41f87bea63cc6fb02c4a,0x3619c6eb1ba194fb81f5a23e6f8ff9a836aa6b32,8.4e+27,Honey Bee Inu Dividends,HONEY_D,18,126,293121,63839645957,220304,7948430,deprecated,1322398
218,13861868,2021-12-23 14:04:17,0xa28b6cb5205c7f96261986806a297fa9e2e706f334d62323aa0883cb41d45aa6,255,0x9d7313c63d393feb3a9b31e21edaa945770e38bbfbcee3c6202ba6662b5e17c1,0x3619c6eb1ba194fb81f5a23e6f8ff9a836aa6b32,0xe8936a5ef3f3d7d24d46984fd9d0b06270442ab5,0x3619c6eb1ba194fb81f5a23e6f8ff9a836aa6b32,1e+18,Honey Bee Inu,HONEY,18,163,129886,45793667543,83791,10910119,deprecated,1322101
219,13863655,2021-12-23 20:45:41,0x943af2b5028bef13506c9635578f7a341e1031cb4a3bb360d6fa7841fea0d7df,259,0x980cfb86c59b015217cf4f57b87b2d29432775abe447b12f175876cb425531d5,0x3619c6eb1ba194fb81f5a23e6f8ff9a836aa6b32,0xe8936a5ef3f3d7d24d46984fd9d0b06270442ab5,0xe8936a5ef3f3d7d24d46984fd9d0b06270442ab5,4.3008e+27,Honey Bee Inu,HONEY,18,160,487515,94161551981,323868,15272753,deprecated,1320314
220,13863655,2021-12-23 20:45:41,0x943af2b5028bef13506c9635578f7a341e1031cb4a3bb360d6fa7841fea0d7df,259,0x980cfb86c59b015217cf4f57b87b2d29432775abe447b12f175876cb425531d5,0x3619c6eb1ba194fb81f5a23e6f8ff9a836aa6b32,0xe8936a5ef3f3d7d24d46984fd9d0b06270442ab5,0x3e26a29bf6e8d49f93bb05192af2afdddb46e85e,2.25792e+28,Honey Bee Inu,HONEY,18,160,487515,94161551981,323868,15272753,deprecated,1320314
221,13863655,2021-12-23 20:45:41,0x943af2b5028bef13506c9635578f7a341e1031cb4a3bb360d6fa7841fea0d7df,259,0x980cfb86c59b015217cf4f57b87b2d29432775abe447b12f175876cb425531d5,0x3619c6eb1ba194fb81f5a23e6f8ff9a836aa6b32,0xfd2e2193277f1ce08c3e41f87bea63cc6fb02c4a,0x0000000000000000000000000000000000000000,2.688e+28,Honey Bee Inu Dividends,HONEY_D,18,160,487515,94161551981,323868,15272753,deprecated,1320314
222,13863739,2021-12-23 21:03:54,0xee07fb3a3fe73b631245cd877c59e14f1a656d2fe795f4f4572896bb3395c38e,260,0x1c42dec563328c480c4637caae414fbe7ab02490ef72ab681002367e54c4448b,0x3e26a29bf6e8d49f93bb05192af2afdddb46e85e,0xe8936a5ef3f3d7d24d46984fd9d0b06270442ab5,0x3619c6eb1ba194fb81f5a23e6f8ff9a836aa6b32,1.559519813882113e+28,Honey Bee Inu,HONEY,18,78,417220,170514502535,316352,5098652,deprecated,1320230
223,13863739,2021-12-23 21:03:54,0xee07fb3a3fe73b631245cd877c59e14f1a656d2fe795f4f4572896bb3395c38e,260,0x1c42dec563328c480c4637caae414fbe7ab02490ef72ab681002367e54c4448b,0x0000000000000000000000000000000000000000,0xfd2e2193277f1ce08c3e41f87bea63cc6fb02c4a,0x3619c6eb1ba194fb81f5a23e6f8ff9a836aa6b32,1.559519813882113e+28,Honey Bee Inu Dividends,HONEY_D,18,78,417220,170514502535,316352,5098652,deprecated,1320230
224,13864536,2021-12-24 00:02:43,0xde5dc0c29a30b25184b11518a30830de979b55c8478b5799703f2a64c5875b19,261,0x3975644948d3f26b71a6741288abd548910567226bdc6ca09385b569ac239dc7,0x3619c6eb1ba194fb81f5a23e6f8ff9a836aa6b32,0xe8936a5ef3f3d7d24d46984fd9d0b06270442ab5,0xe8936a5ef3f3d7d24d46984fd9d0b06270442ab5,2.495231702211381e+27,Honey Bee Inu,HONEY,18,159,500014,126692752960,332201,12735632,deprecated,1319433
225,13864536,2021-12-24 00:02:43,0xde5dc0c29a30b25184b11518a30830de979b55c8478b5799703f2a64c5875b19,261,0x3975644948d3f26b71a6741288abd548910567226bdc6ca09385b569ac239dc7,0x3619c6eb1ba194fb81f5a23e6f8ff9a836aa6b32,0xe8936a5ef3f3d7d24d46984fd9d0b06270442ab5,0x3e26a29bf6e8d49f93bb05192af2afdddb46e85e,1.309996643660975e+28,Honey Bee Inu,HONEY,18,159,500014,126692752960,332201,12735632,deprecated,1319433
226,13864536,2021-12-24 00:02:43,0xde5dc0c29a30b25184b11518a30830de979b55c8478b5799703f2a64c5875b19,261,0x3975644948d3f26b71a6741288abd548910567226bdc6ca09385b569ac239dc7,0x3619c6eb1ba194fb81f5a23e6f8ff9a836aa6b32,0xfd2e2193277f1ce08c3e41f87bea63cc6fb02c4a,0x0000000000000000000000000000000000000000,1.559519813882113e+28,Honey Bee Inu Dividends,HONEY_D,18,159,500014,126692752960,332201,12735632,deprecated,1319433
227,13864624,2021-12-24 00:24:05,0xbf8ec8d3d4ac47ceb3d945b3f7e579c24022e94744fcae61dadc107f863788b5,262,0xc64d9c4ca7719cad6c4169ae85e0bf782a513a46fe81f4706b9da32878358d67,0x1a754917581ffb8403443afdbad7f4b825cfda6b,0xf49f43c1e8b0c8ac13e63ec7921692a199029d49,0x3619c6eb1ba194fb81f5a23e6f8ff9a836aa6b32,6.495737805930112e+26,Coldbank,COLD,18,286,278281,85760776236,193234,21111155,deprecated,1319345
228,13869131,2021-12-24 17:01:28,0xf353b37e59de599641edcf8430fd4652cc5ab42b8c7b5007c0a700f45f6028d4,264,0xee95a36829b5fad27d13c6850f1859629dbbe8e31ce3ee4704f403fffab92cb8,0x1a754917581ffb8403443afdbad7f4b825cfda6b,0xf49f43c1e8b0c8ac13e63ec7921692a199029d49,0x3619c6eb1ba194fb81f5a23e6f8ff9a836aa6b32,3.4086258104368796e+26,Coldbank,COLD,18,144,218757,77802953672,166455,11126470,deprecated,1314838
229,13869529,2021-12-24 18:32:10,0xabb6d9ac7aa95a34ec15ffd1d83409fab0b8ecc239a7d3b52ca063fe3826ef9b,265,0xd48f0e51eb0e4844b11f3953b3c6150fe8c1999a01b10f3f733b0ade36edb5bd,0x1ae0291a852b8ca83bb6aade71ab6389038f54c3,0x68bcc533a505801a4417892fb3c0f750be94d8d3,0x3619c6eb1ba194fb81f5a23e6f8ff9a836aa6b32,2.627444433557095e+16,minicoldBank,miniCOLD,9,190,263806,86986303221,193538,10489076,deprecated,1314440
230,13870617,2021-12-24 22:32:18,0x780f1c0ddb904ee3489a2729a672485ae826dafcd0c80c859a4b6555f331db08,268,0x280b5ca3ae9b9c3bbbb15a6e07ac83f186317a90a6bf1063bd08ce18d63333eb,0x3619c6eb1ba194fb81f5a23e6f8ff9a836aa6b32,0xf49f43c1e8b0c8ac13e63ec7921692a199029d49,0xf49f43c1e8b0c8ac13e63ec7921692a199029d49,8.25e+25,Coldbank,COLD,18,98,273088,53969568907,203446,7877371,deprecated,1313352
231,13870617,2021-12-24 22:32:18,0x780f1c0ddb904ee3489a2729a672485ae826dafcd0c80c859a4b6555f331db08,268,0x280b5ca3ae9b9c3bbbb15a6e07ac83f186317a90a6bf1063bd08ce18d63333eb,0x3619c6eb1ba194fb81f5a23e6f8ff9a836aa6b32,0xf49f43c1e8b0c8ac13e63ec7921692a199029d49,0x1a754917581ffb8403443afdbad7f4b825cfda6b,2.475e+26,Coldbank,COLD,18,98,273088,53969568907,203446,7877371,deprecated,1313352
232,13871462,2021-12-25 01:51:55,0x7f0bbe236113040a711635c97acd0117dc51a040c7bdefd9f3da6996a9c285bd,271,0x5889945c239b2a938a67dae48b9d1cab6a49dfea9da5f8f298c3d818e7096010,0x17879a6bce0fe7db032ff664f97766eb2b5b855d,0x7afe1d78d29306ccd5e8c61b5a6e21fe376efb14,0x3619c6eb1ba194fb81f5a23e6f8ff9a836aa6b32,9e+17,Snowball Inu,SNOW,9,38,275343,71353125964,205489,3596581,deprecated,1312507
233,13871462,2021-12-25 01:51:55,0xb0a459431f010780d1baa3f259caa43461e1bb3b8029c5ff69d023b2e9833b0e,272,0x5889945c239b2a938a67dae48b9d1cab6a49dfea9da5f8f298c3d818e7096010,0x17879a6bce0fe7db032ff664f97766eb2b5b855d,0x7afe1d78d29306ccd5e8c61b5a6e21fe376efb14,0x3619c6eb1ba194fb81f5a23e6f8ff9a836aa6b32,9e+17,Snowball Inu,SNOW,9,39,275343,71353125964,177973,3774554,deprecated,1312507
234,13871464,2021-12-25 01:52:11,0xdf161a6dc685150ce531c4ca3d4fdf92a077e11bfb2903eb5ce704f45c93aa16,274,0xe2e3c675d7396543d14bd1acd2239a1f8c633cdb3a90b465a94053c848017f63,0x17879a6bce0fe7db032ff664f97766eb2b5b855d,0x7afe1d78d29306ccd5e8c61b5a6e21fe376efb14,0x3619c6eb1ba194fb81f5a23e6f8ff9a836aa6b32,9e+17,Snowball Inu,SNOW,9,264,242324,62584811937,177973,19789696,deprecated,1312505
235,13871545,2021-12-25 02:07:33,0xd63630bb1e88e9595191716003eb5a9770dca55ff1e5a89e212dd209f557ff22,275,0x8fa373bdf3454bf23e2b1970c4d0bc36f175d2b9c376d498b45998140f3d2186,0x17879a6bce0fe7db032ff664f97766eb2b5b855d,0x7afe1d78d29306ccd5e8c61b5a6e21fe376efb14,0x3619c6eb1ba194fb81f5a23e6f8ff9a836aa6b32,9.012786415228489e+17,Snowball Inu,SNOW,9,163,250498,48626065669,184050,13795598,deprecated,1312424
236,13888943,2021-12-27 18:47:34,0xac4d95975585ef62aa2b3d75c8820bcebca1d23fd4cdd78f4db49ea6b5c55aad,278,0xb405f27fd75ea0b011026402a69386283b827cea0e105f6973dd5bc663a12956,0x3619c6eb1ba194fb81f5a23e6f8ff9a836aa6b32,0xf49f43c1e8b0c8ac13e63ec7921692a199029d49,0xd86325a8aa25857e2316002a3056164a080576ef,6.604363616366992e+26,Coldbank,COLD,18,68,107089,71777182116,66593,4389150,deprecated,1295026
237,13889017,2021-12-27 19:01:59,0x25640c734652488182dfbfb05c31ef76afabbfc406d770daff430d358fd26027,279,0xa78a756c174b46f2c9bbfa9126fe820ca87b3e3e9f88127371bf1b912491f8b6,0xc2cbe438720ad26d49a47da641f9bc32f4639cee,0xf85f1872d4f6002e721a835d3c3aeec194db2089,0x3619c6eb1ba194fb81f5a23e6f8ff9a836aa6b32,2.548e+18,Degen Ape Club,DAC,9,90,231771,81493574877,169179,7618579,deprecated,1294952
238,13898394,2021-12-29 05:42:38,0x54b68a235a3f7270929c30da621d892e6b604087e1410bd5d6fd6a720c24fe38,280,0x88279a65d57c12dc6c296afba71d1252f984a296b2b7e548cb0b6741d344dd0c,0x6bba316c48b49bd1eac44573c5c871ff02958469,0x6bba316c48b49bd1eac44573c5c871ff02958469,0x3619c6eb1ba194fb81f5a23e6f8ff9a836aa6b32,1.6716849235546304e+24,Gas DAO,GAS,18,70,163756,77125611980,109171,5019842,deprecated,1285575
239,13911019,2021-12-31 04:37:27,0x3f57f83392d4b82908d1d1181a2e771f2e8ce75caf80a60238efaa33286ea6f3,281,0x8493c2ae9e3d22348ebaca9a7c9a3004359279625fb69e32f8d14b433797abae,0x0000000000000000000000000000000000000000,0x9010a15184da16e3a7c5b4aa50094dfe3bb36989,0x3619c6eb1ba194fb81f5a23e6f8ff9a836aa6b32,1.86017e+23,EtherWrapped,YEAR,18,83,128482,93031483851,85655,7513369,deprecated,1272950
240,13934343,2022-01-03 19:16:22,0x845f9109efe8e5f52f569cb896f96cd108f260621d70f6b468cb9654512b5ef7,282,0xeb39fde0ceb293379e09ee6ee67298596661b6e751334a847b8e7c64b16163ee,0x3619c6eb1ba194fb81f5a23e6f8ff9a836aa6b32,0xf85f1872d4f6002e721a835d3c3aeec194db2089,0xc2cbe438720ad26d49a47da641f9bc32f4639cee,2.3256145936175734e+18,Degen Ape Club,DAC,9,124,387900,89411578504,256850,9020499,deprecated,1249626
241,13935378,2022-01-03 23:02:53,0xcfd2643bab1f6fa7cb041d05c803df3fc0cc3ad709e47f4df1ee59d6f6001e07,284,0x1b8658d54a2282965ddc7152be7a4999dc43c2d0c7670cd4d1383d75d552d8fd,0x3d67673dd5df6c8503f8ecadc17f9188939f8695,0xab85e70fbaf4df39540be4dd9f020c9b349e7f66,0x3619c6eb1ba194fb81f5a23e6f8ff9a836aa6b32,5.608955787586459e+28,ThisIsIt,TIT,18,104,269409,236421998439,207401,14863639,deprecated,1248591
242,13935941,2022-01-04 01:05:12,0xa8fcc8c909542a1c83bf63bc53c30c7af676ae4f74f64bc550bd12ba4cb9de6d,286,0x3a5f59e237a34d1ea3e4cd2e6175c8f3d55314e3ab23723e2c91b7433c88f1b3,0xee7d9f6e9ae7480fc4ec5235f6281c0592b6e3f6,0x48f1a5a16b2f208243b3a29e25e7c736e8873391,0x3619c6eb1ba194fb81f5a23e6f8ff9a836aa6b32,4.356883767306136e+25,VIBES,VIBES,18,143,318231,113386882907,236341,11717574,deprecated,1248028
243,13936028,2022-01-04 01:28:20,0x30422ec6ae219158aaf026eba5a9788c7c3b43a669522b08f7651f6391b81eab,287,0x87d0585e4c5cc7ee74ded8e86d296ba447df07d16a875b714b8fa893408ddde3,0xb98590a48af6a3ffedb4d8dc91fd28a2a0068c5e,0x1694045b6c313372bafb79457e1dbd7cfa8b7aa1,0x3619c6eb1ba194fb81f5a23e6f8ff9a836aa6b32,6.094552285215565e+27,Fck Insidors,FCK,18,179,225885,125330067347,172256,12603025,deprecated,1247941
244,13936506,2022-01-04 03:17:18,0x411c58e5c2421d7d12f2fc19f45f2da8201f9cd596b7262bd95dbe0e5c15042e,289,0xcf873ab27601fee9ef5f43b44a375871ee61e4dccf0fae5ec4fef86ee3c139b8,0x3619c6eb1ba194fb81f5a23e6f8ff9a836aa6b32,0x1694045b6c313372bafb79457e1dbd7cfa8b7aa1,0x1694045b6c313372bafb79457e1dbd7cfa8b7aa1,3.0472761426077826e+26,Fck Insidors,FCK,18,160,229804,124114238832,172992,8171174,deprecated,1247463
245,13936506,2022-01-04 03:17:18,0x411c58e5c2421d7d12f2fc19f45f2da8201f9cd596b7262bd95dbe0e5c15042e,289,0xcf873ab27601fee9ef5f43b44a375871ee61e4dccf0fae5ec4fef86ee3c139b8,0x3619c6eb1ba194fb81f5a23e6f8ff9a836aa6b32,0x1694045b6c313372bafb79457e1dbd7cfa8b7aa1,0xb98590a48af6a3ffedb4d8dc91fd28a2a0068c5e,5.789824670954787e+27,Fck Insidors,FCK,18,160,229804,124114238832,172992,8171174,deprecated,1247463
246,13936533,2022-01-04 03:23:27,0xbfa98823d608fa61c1643478ddc8074df953b828238163bc7561f10c76fc7c2d,290,0x23f7b92575b04ce29d11aff89e93d2666091bf035c1389713313cbcfd2f9be29,0xb98590a48af6a3ffedb4d8dc91fd28a2a0068c5e,0x1694045b6c313372bafb79457e1dbd7cfa8b7aa1,0x3619c6eb1ba194fb81f5a23e6f8ff9a836aa6b32,3.2117622222902723e+27,Fck Insidors,FCK,18,189,225322,105340674537,171802,13740109,deprecated,1247436
247,13936772,2022-01-04 04:20:34,0x824f0b2a9d7e9fdc901ff38481baebf822de43914ee95fb0b3240011daef1ab3,291,0xacbd128594a5c740fb9c499ffe092a1a75ec7794237015bee55c1b6824a9c0aa,0x3619c6eb1ba194fb81f5a23e6f8ff9a836aa6b32,0x1694045b6c313372bafb79457e1dbd7cfa8b7aa1,0x1694045b6c313372bafb79457e1dbd7cfa8b7aa1,1.6058811111451363e+26,Fck Insidors,FCK,18,175,242304,89537963995,172992,20237067,deprecated,1247197
248,13936772,2022-01-04 04:20:34,0x824f0b2a9d7e9fdc901ff38481baebf822de43914ee95fb0b3240011daef1ab3,291,0xacbd128594a5c740fb9c499ffe092a1a75ec7794237015bee55c1b6824a9c0aa,0x3619c6eb1ba194fb81f5a23e6f8ff9a836aa6b32,0x1694045b6c313372bafb79457e1dbd7cfa8b7aa1,0xb98590a48af6a3ffedb4d8dc91fd28a2a0068c5e,3.0511741111757586e+27,Fck Insidors,FCK,18,175,242304,89537963995,172992,20237067,deprecated,1247197
249,13936776,2022-01-04 04:22:13,0xfeb79f06a02df141c60d701637d7efb0692d5e17115946efcb0db483be7cb5f9,292,0x76eec0762d285b041f610225905fadb8af3e63ffa3ceff304734a82a32b0fc34,0xe334a647d9deeb5e8acb563d1085319f21ab4938,0x4eadbfe053dcecdf13e51dc5e429305be6a802d3,0x3619c6eb1ba194fb81f5a23e6f8ff9a836aa6b32,2.25e+17,Lets Go Farming Token,LGF,9,44,280489,123173847863,209777,5895540,deprecated,1247193
250,13938795,2022-01-04 11:42:57,0x8547fe015e1806b28b3d339a701475b935b960973ef352e76cef1460e2e8ef8d,294,0xec329c45fe0c13519cae9c0ebdda575400a00ef397c03a7d8787f103ffa0cc58,0x3619c6eb1ba194fb81f5a23e6f8ff9a836aa6b32,0x4eadbfe053dcecdf13e51dc5e429305be6a802d3,0xe334a647d9deeb5e8acb563d1085319f21ab4938,2.921842193653711e+17,Lets Go Farming Token,LGF,9,53,271942,74445602062,201731,4603191,deprecated,1245174
251,13941586,2022-01-04 22:04:28,0x221ac9810c8faedae2cd030b46a5ecf5ddfa282cbfb354a184ca6a5c749f12f2,295,0x4d8c6912e20d56d7c49161b98f76dff5048d608aa826f6dd8e3e6ce62e41c618,0xe334a647d9deeb5e8acb563d1085319f21ab4938,0x4eadbfe053dcecdf13e51dc5e429305be6a802d3,0x3619c6eb1ba194fb81f5a23e6f8ff9a836aa6b32,1.44e+17,Lets Go Farming Token,LGF,9,195,280489,178477011468,209777,17898508,deprecated,1242383
252,13942209,2022-01-05 00:23:49,0x62e2cb17e771d9152229c1088ad46f0f8eb1c37b5c2131a42899cc986175067a,296,0x1097a60de3f6b915c283c3bbece7eb5c4707ec850913e77f06cd64a08113cf0d,0x3619c6eb1ba194fb81f5a23e6f8ff9a836aa6b32,0x4eadbfe053dcecdf13e51dc5e429305be6a802d3,0xe334a647d9deeb5e8acb563d1085319f21ab4938,1.298586005933352e+17,Lets Go Farming Token,LGF,9,222,259429,123368986639,201719,11418887,deprecated,1241760
253,13942221,2022-01-05 00:25:20,0x62c92895d11be7585e74f2580691fe0013932d48b43afd74d4cd2a5e79234863,297,0xcde7e8d5e6d2b4a2fe3f9dd5e7a265ad15d92263d130505af1def713aac929b0,0xe5d6fc7323d74ad440ca53d3e53252427ad632ed,0x39317b8a1ae06c30bb615d88cdc5522781499f1c,0x3619c6eb1ba194fb81f5a23e6f8ff9a836aa6b32,2.4707058799473997e+22,BRAINS,BRAINS,18,83,210276,104837650136,149173,10239067,deprecated,1241748
254,13951016,2022-01-06 09:28:03,0x228e3e42c950c0589404d066b9d316a9dc78a3baaef6d31e6a0d7c2f26a4ed26,298,0x1cdf3a67905b580ad1827ba68d024dc5818226d1ef8d86ebbceb37894c4aab9a,0xe5d6fc7323d74ad440ca53d3e53252427ad632ed,0x39317b8a1ae06c30bb615d88cdc5522781499f1c,0x3619c6eb1ba194fb81f5a23e6f8ff9a836aa6b32,1.5129710330410097e+22,BRAINS,BRAINS,18,217,189098,123835740087,132073,19691785,deprecated,1232953
255,13951694,2022-01-06 11:55:19,0xcc616a4f1d741ccc42ca5427fa3585bf0a77b877f9351184b35e500c4133ac03,299,0xb29217e3955c32e23f830e7ff2d114c0c7c64fd0c1d7edb5b94d15296ff74692,0x3619c6eb1ba194fb81f5a23e6f8ff9a836aa6b32,0x39317b8a1ae06c30bb615d88cdc5522781499f1c,0xe5d6fc7323d74ad440ca53d3e53252427ad632ed,8.64e+21,BRAINS,BRAINS,18,38,372972,100263681163,247506,2830959,deprecated,1232275
256,13951706,2022-01-06 11:56:27,0x17a15076f46ba0159ea2a83344fcc832b9a891c18be3b6993769b90d55d8b65e,300,0x9a04e4b146f932da95d49ec2cf8f2d1f6bc9c6f0bb6c632e9017824409b1b57e,0xbb59f09d78822c29f5f19ac77cdce5770cce3410,0x297d33e17e61c2ddd812389c2105193f8348188a,0x3619c6eb1ba194fb81f5a23e6f8ff9a836aa6b32,3.1613396563422263e+21,Strudel Finance,$TRDL,18,134,313464,75453328537,215568,12280148,deprecated,1232263
257,13971074,2022-01-09 11:24:57,0xd90b52598aec8327c09d8daa17b25b6e96d960a54293769c744cc1084eabe4e7,302,0x185929725928a28b3d50a53ef8ad332e57599de7c7928cd4004857021b8886fc,0x3619c6eb1ba194fb81f5a23e6f8ff9a836aa6b32,0x39317b8a1ae06c30bb615d88cdc5522781499f1c,0xc610dcdfaefd034211aa5770e8974120c4251e2f,3.0001e+22,BRAINS,BRAINS,18,276,245550,103631469053,245550,30031156,deprecated,1212895
258,13978734,2022-01-10 16:04:08,0xf201ec80fd00972a882710165cb74f8c89320935d573b4323edf06eb92610181,62,0xd5c58b9a57536a41d46f8cd632e8ca04ee26cd25971168e9fc5397980a194636,0xfaef8ce36672b934010f043f9e81e3aba3a8cba7,0x39317b8a1ae06c30bb615d88cdc5522781499f1c,0x3619c6eb1ba194fb81f5a23e6f8ff9a836aa6b32,1e+22,BRAINS,BRAINS,18,221,61821,217651048320,41214,10924361,deprecated,1205235
259,13990959,2022-01-12 13:25:24,0xe978acea7feec8724e60a9816af658d08d45676713502282ec2a03770d1a2aba,303,0x9e711013bf9b8c15eec0bf5a4775d571ae998fd009e4c3fce5025cea0dd638cf,0x3619c6eb1ba194fb81f5a23e6f8ff9a836aa6b32,0x39317b8a1ae06c30bb615d88cdc5522781499f1c,0xe5d6fc7323d74ad440ca53d3e53252427ad632ed,1.0000666055987572e+22,BRAINS,BRAINS,18,232,373015,130479250618,247535,15943962,deprecated,1193010
260,13990965,2022-01-12 13:27:13,0x0215b95ce0aad56b4eeea39502d2ca433e7636639207882c4ca7047772609f61,304,0x374e423ab5b3c1ab4d3f41519ec44a2b3b7a311574d3c3984132b7fd5f8ca16a,0xfc9f572124d8f469960b94537b493f2676776c03,0x37c997b35c619c21323f3518b9357914e8b99525,0x3619c6eb1ba194fb81f5a23e6f8ff9a836aa6b32,2.7113470545233215e+20,Unipilot,PILOT,18,454,190068,147971458758,133645,18240457,deprecated,1193004
261,13999963,2022-01-13 22:53:00,0x956c8602e48f7ec2c9fb8cf39a0d43248c5d55166c83e3ef2818d1a86149a772,306,0x9d79cda9d894975fd4d94d709dad2c39324305d8a984b368c8ad1e7eaf143b99,0xd48d4f91847f033bcbb3078a2a0911d86386d7f7,0x0f6423618083e15989be7e4208c222cf759f99fb,0x3619c6eb1ba194fb81f5a23e6f8ff9a836aa6b32,1.35e+19,TheBurningToken,BURN,18,395,203629,170325886424,145727,26104258,deprecated,1184006
262,14012044,2022-01-15 19:54:49,0x78e7930ba1f3fce7acaefaad8db5edda5328aa27fe0cbee89b17665f8dfdacf0,307,0xb1b725535078080fb543a51db1bf21d591a407aed594898eace7f69205827066,0x3619c6eb1ba194fb81f5a23e6f8ff9a836aa6b32,0x37c997b35c619c21323f3518b9357914e8b99525,0xfc9f572124d8f469960b94537b493f2676776c03,2.7113470545233215e+20,Unipilot,PILOT,18,71,188766,114055161806,131148,5033281,deprecated,1171925
263,14012052,2022-01-15 19:57:05,0x8658a64b6327ffc71417c7eb738f57f461826a159915995ca9467e82720e6b96,308,0xd55d0812ab5f3e8be59d25a7f97cac123e59ed244886e4f52d6a480b9cda18c7,0x876bc7644652685f549c244323e72ed9438de817,0x9718b20a8cd4421c1867a25533b2ddec4a4c4be4,0x3619c6eb1ba194fb81f5a23e6f8ff9a836aa6b32,123200880000000.0,Roaring Twenties,ROAR,9,221,224421,136864058509,173470,12118496,deprecated,1171917
264,14025180,2022-01-17 20:21:59,0xd8c57fe61b89c889902a0aa543182942938b41dd9bf6834adc518cc6bcd1ee55,310,0x1086e1c956d5041ac274ae2ef31af985d58f564786db19a76d70778691e36442,0x3619c6eb1ba194fb81f5a23e6f8ff9a836aa6b32,0x9718b20a8cd4421c1867a25533b2ddec4a4c4be4,0x876bc7644652685f549c244323e72ed9438de817,105960804084616.0,Roaring Twenties,ROAR,9,241,262315,134639641280,194468,27978279,deprecated,1158789
265,14025184,2022-01-17 20:23:19,0xe259c5f9dd898c95d3a19f178d8f096ad7d697aba3be765812d965ea31a7dbcc,311,0x48efd9d72a88dbb0134aba8d07f9036e7305b1611980dc609eda36b035c1c79f,0x412940fdac1214fc3df430769f54e69210a18e49,0xe6fd75ff38adca4b97fbcd938c86b98772431867,0x3619c6eb1ba194fb81f5a23e6f8ff9a836aa6b32,6.429841531719101e+20,ELA on Ethereum,ELA,18,144,188758,163101912469,132578,12798554,deprecated,1158785
266,14025209,2022-01-17 20:31:47,0xa9f1c600fdacacd8b9012a52d754fbec74c8cd131d4c0f9c99de2f83595a7bb4,312,0xb3bb1021453f2e74b8b58a47b52fddd2636abcacd76cf849d39db9faff68433f,0xc610dcdfaefd034211aa5770e8974120c4251e2f,0x39317b8a1ae06c30bb615d88cdc5522781499f1c,0x3619c6eb1ba194fb81f5a23e6f8ff9a836aa6b32,1.979193867059871e+21,BRAINS,BRAINS,18,77,228161,181364680015,228161,6909031,deprecated,1158760
267,14025209,2022-01-17 20:31:47,0xa9f1c600fdacacd8b9012a52d754fbec74c8cd131d4c0f9c99de2f83595a7bb4,312,0xb3bb1021453f2e74b8b58a47b52fddd2636abcacd76cf849d39db9faff68433f,0xc610dcdfaefd034211aa5770e8974120c4251e2f,0x39317b8a1ae06c30bb615d88cdc5522781499f1c,0x3619c6eb1ba194fb81f5a23e6f8ff9a836aa6b32,2.85e+22,BRAINS,BRAINS,18,77,228161,181364680015,228161,6909031,deprecated,1158760
268,14031374,2022-01-18 19:12:50,0xa617b54547155da01a2d6b4f5c69118278d43c4294f3c122551a7589637c9612,313,0x3257548e26a34b99b4488302f46c9e0ee4399c39d641ec284beec142fdb37cae,0x3619c6eb1ba194fb81f5a23e6f8ff9a836aa6b32,0x297d33e17e61c2ddd812389c2105193f8348188a,0x05cc2e064e0b48e46015ead9961f1391d74e5f83,3.1613396563422263e+21,Strudel Finance,$TRDL,18,82,172105,117257617349,114039,5485145,deprecated,1152595
269,14031382,2022-01-18 19:14:32,0x86c3b6291b2d7b7a47f4707ebebd6131ca4803f2ebe5ec79dd0ac4e04eadb7f1,314,0x2d7663879b322ab9f0d5953c7bf76d9d8fd2c0b6a5f552617f953c5980833ecc,0x66f9a314a95f1288e0ecff12b91f173cd64ba623,0x9b4711575a056f936210bee2838dc61355506eb4,0x3619c6eb1ba194fb81f5a23e6f8ff9a836aa6b32,3.06e+27,KEIKO,KEIKO,18,151,262929,125972066765,195144,12380248,deprecated,1152587
270,14044487,2022-01-20 19:56:10,0x633a2ebec93b4c702cac239c68ff80533f2e99845be793d6ebf834db0e936c25,315,0x9372c97ddf8d4ca3143ddb108e2f3cbcd57291afa82a81db86305d1e1fe4d4cc,0x3619c6eb1ba194fb81f5a23e6f8ff9a836aa6b32,0x39317b8a1ae06c30bb615d88cdc5522781499f1c,0xe5d6fc7323d74ad440ca53d3e53252427ad632ed,3.047919386705987e+22,BRAINS,BRAINS,18,262,373015,186449409089,247535,21971745,deprecated,1139482
271,14044491,2022-01-20 19:57:09,0x6da5f8313fe62331a0f601836786f0b4ac8b73c5932227b847b3b3cc8a22f5fd,316,0x02517de071d4b3c940cadc522be34d683b4442edbba891259c41d4149891fc02,0xe4ef34a64070d101606ecbe204db38b968ecd4ee,0x2bc4c9a279d0e1b2b2e1eb4f313cfe22a2e182d5,0x3619c6eb1ba194fb81f5a23e6f8ff9a836aa6b32,39483555323887.0,Its Not Art,NotArt,9,116,262536,197334114464,193482,7430497,deprecated,1139478
272,14050455,2022-01-21 18:14:43,0x7756dbbb1ad171c40f973902e76d960584710169d9ce78327f54ac501e795b46,318,0x9b8ce5225a0a19785fb5ebcfe4b350ff2ca2aa7c70709434a135cac27b2089eb,0x3619c6eb1ba194fb81f5a23e6f8ff9a836aa6b32,0x2bc4c9a279d0e1b2b2e1eb4f313cfe22a2e182d5,0xe4ef34a64070d101606ecbe204db38b968ecd4ee,34779315376689.0,Its Not Art,NotArt,9,130,256212,147836986295,189382,10057033,deprecated,1133514
273,14058712,2022-01-23 00:37:39,0x7128d6ae02fca859208e8eff92b33045f8f1398eb16c915d156028ea26a4e95d,319,0x9651dc5c6434db5cec71c4ba0f66acef60e78a9e83a4309038ca6c3b8e4d354c,0x2e9c9ae4061ecc62fedf4f8983cac27953489a14,0xfd7303d2e523d6c0b53cbcda800a43f9b88033a0,0x3619c6eb1ba194fb81f5a23e6f8ff9a836aa6b32,6637580647852562.0,RopeToken,ROPE,18,172,185781,99949957313,129411,18965433,deprecated,1125257
274,14058891,2022-01-23 01:18:14,0xc2cbb719a5553507f4e542e476c06e736b2f8f0a986f711e971d8ee36e403c3b,320,0x4b2876652bc26d60f46fe41a26e83ab24e17579fa5db6f2bc55b4f190be08f88,0x876bc7644652685f549c244323e72ed9438de817,0x9718b20a8cd4421c1867a25533b2ddec4a4c4be4,0x3619c6eb1ba194fb81f5a23e6f8ff9a836aa6b32,77400000000000.0,Roaring Twenties,ROAR,9,88,223171,115825735681,162012,8341796,deprecated,1125078
275,14060904,2022-01-23 08:54:02,0xf9ede91f6c9727eb2d1712abf401fe8d1fec8722276741e4c1ec8ae19f76e09a,846,0xd019490442c05bfcddf27172e2f948055b9315f85c31536e9238df825b7445a4,0xa99c602037f8e85a44bbe88f3c0ee3af60345b9b,0xcf0c122c6b73ff809c693db761e7baebe62b6a2e,0x3619c6eb1ba194fb81f5a23e6f8ff9a836aa6b32,14155346026258.0,FLOKI,FLOKI,9,56,4130187,95000000000,3849468,10215704,deprecated,1123065
276,14084505,2022-01-27 00:38:52,0x0d6bed160a46736d6a9dd0b69819f59728aa6d62c75be89f44c3ef1d1295a748,322,0x8a95114f6da70b06f22ea5502645b5d1f5a15c59b91d6b20603dcfd52a0cc234,0x3619c6eb1ba194fb81f5a23e6f8ff9a836aa6b32,0xe6fd75ff38adca4b97fbcd938c86b98772431867,0x412940fdac1214fc3df430769f54e69210a18e49,2.62e+20,ELA on Ethereum,ELA,18,217,189685,139148939043,136743,17693428,deprecated,1099464
277,14084511,2022-01-27 00:40:21,0x33ffd52d02d12802318c3ec313a93cf016a2449f0de8edd992d49966cd92e222,323,0xc513929cd5d481da67c698016933d15c9682da95612bda08734a3d8359341f19,0x876bc7644652685f549c244323e72ed9438de817,0x9718b20a8cd4421c1867a25533b2ddec4a4c4be4,0x3619c6eb1ba194fb81f5a23e6f8ff9a836aa6b32,129000000000000.0,Roaring Twenties,ROAR,9,130,223171,124252145089,162012,12866714,deprecated,1099458
278,14090743,2022-01-27 23:42:51,0xf7d6fc6e49067c15c266828888b087a23f935b1cedcba15fcb28936cf4bd9586,324,0x1d2c17ec9083759ffe06a6bda81580e0016c5d35cab57b44a5927e8928b661c9,0x3619c6eb1ba194fb81f5a23e6f8ff9a836aa6b32,0xe6fd75ff38adca4b97fbcd938c86b98772431867,0x412940fdac1214fc3df430769f54e69210a18e49,3.8098415317191e+20,ELA on Ethereum,ELA,18,178,189663,313178658582,131925,17073652,deprecated,1093226
279,14090750,2022-01-27 23:44:20,0x890063e36af562909bc31ae994ed0f514371393235b45ee16c62075453953e39,325,0xace380a454f0a147d5b46ca016b650df2138152071350880f55285f9beedc6dc,0xb9686136c5e6a5e58a95aa69e50ef0b1861c316f,0xcf480805b36644bc587861b0d19de6222bf9d56c,0x3619c6eb1ba194fb81f5a23e6f8ff9a836aa6b32,4.285973104119033e+23,Cube Finance,CFA,18,128,321866,314783355041,228901,11563659,deprecated,1093219
280,14090750,2022-01-27 23:44:20,0x890063e36af562909bc31ae994ed0f514371393235b45ee16c62075453953e39,325,0xace380a454f0a147d5b46ca016b650df2138152071350880f55285f9beedc6dc,0x0000000000000000000000000000000000000000,0x859d72ead28df32187755441d64b895d37cedad0,0x3619c6eb1ba194fb81f5a23e6f8ff9a836aa6b32,4.285973104119033e+23,Cube_DividendTracker,Cube_DividendTracker,18,128,321866,314783355041,228901,11563659,deprecated,1093219
281,14101269,2022-01-29 14:53:55,0xcc20a0c30e6e0652010fdba78c02af3c004f46f4df0f483eea6cbe5ce0962ce9,326,0x9051e46af2787d53f4d7a5d74b69ec59449b7e8c853979667ed06e5278ff16fc,0x876bc7644652685f549c244323e72ed9438de817,0x9718b20a8cd4421c1867a25533b2ddec4a4c4be4,0x3619c6eb1ba194fb81f5a23e6f8ff9a836aa6b32,51600000000000.0,Roaring Twenties,ROAR,9,249,223171,115874718327,162012,14946528,deprecated,1082700
282,14102913,2022-01-29 20:47:52,0x5f46a148d179260af55ba30a75fe5546aadef2ba29ab29232417357a5aa9942f,327,0x8d81148c63cbab21ca129722f53e80bd8989694893dbdd5216401db4d0821991,0x3619c6eb1ba194fb81f5a23e6f8ff9a836aa6b32,0x9718b20a8cd4421c1867a25533b2ddec4a4c4be4,0x876bc7644652685f549c244323e72ed9438de817,60200000000000.0,Roaring Twenties,ROAR,9,343,262300,94454749570,194456,28975157,deprecated,1081056
283,14102916,2022-01-29 20:48:39,0x78f866e5f63c23f9df0bbe5bfbfecc5444738cc74e30166eb3ae6a8ab51111bf,328,0xbdc2624902b05842f9cf38fe48aa56495e7ed132f81a4978960e503e1f3da135,0x427ddc5f48d7da8ac153f3aceb19e745da537205,0x7154de3689b9138ff8aeab7a4fb2bce229f803e9,0x3619c6eb1ba194fb81f5a23e6f8ff9a836aa6b32,3271094036167776.0,BULLETH,BULLETH,9,71,260283,107143839464,191874,6743286,deprecated,1081053
284,14104193,2022-01-30 01:34:53,0x37e70abbb7065af442a232ac37a0620be834a65c72146745403adc4e2a752fd4,330,0xd82f7e1538e1787d6828c6a413fa59e0fcdcbfb5e6e1335320bc3a1e26fff5db,0x3619c6eb1ba194fb81f5a23e6f8ff9a836aa6b32,0x7154de3689b9138ff8aeab7a4fb2bce229f803e9,0x427ddc5f48d7da8ac153f3aceb19e745da537205,2878562751827643.0,BULLETH,BULLETH,9,127,438492,63986031291,291186,22589694,deprecated,1079776
285,14104197,2022-01-30 01:35:38,0xec648ffc1967cf373b4151fe3f755bcc4d664f5ddd6007ae80228993a746228a,331,0xb5529c6acecbed1a75f4dde71768fd6ab58fbc61e2fceaf2c963cdde63627257,0x26ec0f2198384ac1881100db25b484a3e1067a62,0x4c2f85ba0ed464fcb776a5c562d2e47fdf55beb2,0x3619c6eb1ba194fb81f5a23e6f8ff9a836aa6b32,1.612558427472345e+22,CheemsBurglar!,CBURG,9,181,310444,69085024873,227625,13882892,deprecated,1079772
286,14111070,2022-01-31 02:51:16,0xdeb650b3de72b8bab41001f4c030c36119410adeea33afb4a1519d46e2dd8c0f,333,0x83c7e0c60f4ed990bf6c80bb4ef0590d088406177cabc6c44450998c405a5eb3,0x3619c6eb1ba194fb81f5a23e6f8ff9a836aa6b32,0x4c2f85ba0ed464fcb776a5c562d2e47fdf55beb2,0x26ec0f2198384ac1881100db25b484a3e1067a62,1.220784546525825e+22,CheemsBurglar!,CBURG,9,35,663684,77488781180,441314,5493962,deprecated,1072899
287,14111253,2022-01-31 03:32:51,0x8683c5858f91df568d6bd9e0d503ca9907a519172cc3242988b87407cce768a2,334,0x72f48fc173315784e178366b21421f89e901ee5a41727e396ad1954fc8beaf4a,0x4b49443ead1e44e7f22f53721d4cff986f9b3b09,0xb9114420fd956f1dd227eaee08a99e485b8e4cf7,0x3619c6eb1ba194fb81f5a23e6f8ff9a836aa6b32,140800000000000.0,Gigarekt,GREKT,9,423,258230,91725542921,191228,29015607,deprecated,1072716
288,14112594,2022-01-31 08:31:17,0x775f5d89f39a9dd1d860a48d6e91a88519373ae87c6da06e78c4e65c49cb783c,335,0x091f0178b4800bf86f0321348d3487580f1ae18a9790cffe48b8cdd57342bdcc,0x4b49443ead1e44e7f22f53721d4cff986f9b3b09,0xb9114420fd956f1dd227eaee08a99e485b8e4cf7,0x3619c6eb1ba194fb81f5a23e6f8ff9a836aa6b32,35200000000000.0,Gigarekt,GREKT,9,196,237724,87426752615,174140,15555328,deprecated,1071375
289,14115550,2022-01-31 19:30:34,0xda6e9d36719cea50e9752c8e2cb14c2c4cee7c6124a10d00b796fc40beb368e9,337,0x6a6302c0a2ec8c292c2e5ca4530684ddb43c11234b76c4499c884e9bbf9dcd16,0x3619c6eb1ba194fb81f5a23e6f8ff9a836aa6b32,0xb9114420fd956f1dd227eaee08a99e485b8e4cf7,0x4b49443ead1e44e7f22f53721d4cff986f9b3b09,150990385555561.0,Gigarekt,GREKT,9,425,246256,156065025555,181086,24820773,deprecated,1068419
290,14116113,2022-01-31 21:33:46,0x491d74cc5c48954cc1809a00dd413109650d858a02423f5aa256c19a45cacd0f,338,0xca18de4054d40ddcb30f2e0e28605a33dacfd76e23e3149b6aac2370649a56c0,0x6227f3d6047d7edae53784ab6039c6efde4092d9,0x2416b5251444e192a901542157d159792159d632,0x3619c6eb1ba194fb81f5a23e6f8ff9a836aa6b32,9.3e+26,Increase DeFi,INCD,18,123,257955,130871570180,190999,8590674,deprecated,1067856
291,14117773,2022-02-01 03:43:09,0x639ec7c5694a4a9ee631371a85b489d6df9a9b752e628f8931dc2ad10fbc160b,339,0xbe38c07a934cafe9f3d2c25e6b21dadf2ee2ebd7372c0d2370c38fec37fb2ea5,0x876bc7644652685f549c244323e72ed9438de817,0x9718b20a8cd4421c1867a25533b2ddec4a4c4be4,0x3619c6eb1ba194fb81f5a23e6f8ff9a836aa6b32,60200000000000.0,Roaring Twenties,ROAR,9,398,223171,184622338251,162012,26820571,deprecated,1066196
292,14125060,2022-02-02 06:37:56,0x976f433e333e1cb6cc4361e7a7c00fcda3244b874fb88b558635ab1a93e4c54d,340,0x504c254b9f7f54f24fa0534354e26c804e57989e40363695fb2b7c373ecb84d5,0x2dc5f72cd123c85343b45385b230588ca8ea6f14,0x5d217df5c68b8fd59b3c9c81633699f0e7ba0515,0x3619c6eb1ba194fb81f5a23e6f8ff9a836aa6b32,176000000000000.0,Pokethmon,PETH,9,151,279252,69976141489,208746,15746527,deprecated,1058909
293,14127298,2022-02-02 14:58:43,0x88cfb0569aecc080ef6ca5f15cc9dd48eac9f39ecb39cebbbcb26c62d73174e7,342,0x63282505b62eb4e3f8f8ef7ee19faeb25ba1b107f96f63519dfcbe801a8e330c,0x3619c6eb1ba194fb81f5a23e6f8ff9a836aa6b32,0x5d217df5c68b8fd59b3c9c81633699f0e7ba0515,0x5d217df5c68b8fd59b3c9c81633699f0e7ba0515,42240000000000.0,Pokethmon,PETH,9,275,366990,94483071349,243518,26842829,deprecated,1056671
294,14127298,2022-02-02 14:58:43,0x88cfb0569aecc080ef6ca5f15cc9dd48eac9f39ecb39cebbbcb26c62d73174e7,342,0x63282505b62eb4e3f8f8ef7ee19faeb25ba1b107f96f63519dfcbe801a8e330c,0x3619c6eb1ba194fb81f5a23e6f8ff9a836aa6b32,0x5d217df5c68b8fd59b3c9c81633699f0e7ba0515,0x2dc5f72cd123c85343b45385b230588ca8ea6f14,133760000000000.0,Pokethmon,PETH,9,275,366990,94483071349,243518,26842829,deprecated,1056671
295,14127325,2022-02-02 15:04:22,0x87c3b05b7c5f15e89e3012f9fb0a65e5cb5d849b061b0359a9f3168e63403575,343,0x58717f13816889eacc0b602eb441cea6813f17ff9c4e60fda4e6418074f4cf45,0x876bc7644652685f549c244323e72ed9438de817,0x9718b20a8cd4421c1867a25533b2ddec4a4c4be4,0x3619c6eb1ba194fb81f5a23e6f8ff9a836aa6b32,60200000000000.0,Roaring Twenties,ROAR,9,136,223171,115012580469,162012,12815392,deprecated,1056644
296,14210945,2022-02-15 13:25:43,0x82876e1bc519333dfcfb6243cb85809424f142adc4bd9525e221e8b731fabf0e,344,0xb215700c80462604f8a3b3ec68a6253b54e8df0b40fcc5d063ff0a4e95d91d40,0x3619c6eb1ba194fb81f5a23e6f8ff9a836aa6b32,0x9718b20a8cd4421c1867a25533b2ddec4a4c4be4,0x876bc7644652685f549c244323e72ed9438de817,137600000000000.0,Roaring Twenties,ROAR,9,407,439545,59241026896,291888,26839313,deprecated,973024
297,14210949,2022-02-15 13:27:13,0x72f5ee5fc25b9cd1cef41d5d6a900d36c46a90f29f376d2345b2f09fc4504a31,345,0x1bba7fb4db2ba9abfa52aeb7d3a5410e555491340627fbe18ed76d28067aeb44,0xe5d6fc7323d74ad440ca53d3e53252427ad632ed,0x39317b8a1ae06c30bb615d88cdc5522781499f1c,0x3619c6eb1ba194fb81f5a23e6f8ff9a836aa6b32,5.744010195673214e+22,BRAINS,BRAINS,18,337,210276,71297096783,149173,26016698,deprecated,973020
298,14243433,2022-02-20 14:27:28,0x2b93a438f83279385a59d5e65ffd659d018e7775528c35e647606f00db7d9b2b,346,0x28d171009cba27fa0fd0c1c85b9680f8350b58bf08cb46a4d9e6bda3102166c5,0x3619c6eb1ba194fb81f5a23e6f8ff9a836aa6b32,0x39317b8a1ae06c30bb615d88cdc5522781499f1c,0xe5d6fc7323d74ad440ca53d3e53252427ad632ed,5.571689889803018e+22,BRAINS,BRAINS,18,197,373015,109070603989,247535,15054414,deprecated,940536
299,14265387,2022-02-23 23:40:34,0x72ad89a506eed501ea822190e59e71f27070c93f85d7711e4fb2dcc5db68a9a6,347,0x1f3f737c11a97c2e9fdad31b469644806f3423886145ab109fa6b021b59e6c1b,0x308841030eb00bebda3f5e138d0e012eba7495ab,0x461c78560ec93a4e1700618c50e60ab138bffaae,0x3619c6eb1ba194fb81f5a23e6f8ff9a836aa6b32,6.75690285030274e+29,Britcoin,Britcoin,18,110,241872,109566004202,174614,10259456,deprecated,918582
300,14265566,2022-02-24 00:20:52,0x5aed7a88283fbbce3eb30b9a63ba8317d5e96a54da72f59ac46bf9f6cace9e1f,348,0x5cae834bd3fdf6db53a381498650fb37ece0cb9397da08c2de73d870988636fd,0xe5a87890a08c6333acb375d8852128ed413d12ea,0x8b660da0f7c74d2464a19a3d67e202dcb6bcfdaf,0x3619c6eb1ba194fb81f5a23e6f8ff9a836aa6b32,146131778824952.0,Freedom,FREE,9,274,417532,70726690104,307380,23284617,deprecated,918403
301,14265614,2022-02-24 00:32:47,0xc2d1bb7142f8140b8bf20455140bc3c0bfc1f1c5489ba6019d0b30561d90af46,350,0x4f15333386be9beacbdddca72d240662a17abee8f2b85fff23636e164c648da6,0x3619c6eb1ba194fb81f5a23e6f8ff9a836aa6b32,0x461c78560ec93a4e1700618c50e60ab138bffaae,0x461c78560ec93a4e1700618c50e60ab138bffaae,9.459663990423838e+28,Britcoin,Britcoin,18,49,401470,87363283542,266505,4025848,deprecated,918355
302,14265614,2022-02-24 00:32:47,0xc2d1bb7142f8140b8bf20455140bc3c0bfc1f1c5489ba6019d0b30561d90af46,350,0x4f15333386be9beacbdddca72d240662a17abee8f2b85fff23636e164c648da6,0x3619c6eb1ba194fb81f5a23e6f8ff9a836aa6b32,0x461c78560ec93a4e1700618c50e60ab138bffaae,0x308841030eb00bebda3f5e138d0e012eba7495ab,5.8109364512603575e+29,Britcoin,Britcoin,18,49,401470,87363283542,266505,4025848,deprecated,918355
303,14265621,2022-02-24 00:34:15,0x2c648ef9acc821adff11c99e2ba4dd1133f8b6211df57ff2aa623810970f1b92,351,0xad5db35be89f4ce548fee7644d9d12395925667ff8c21ad98d48e9b4571cbbe4,0xe5a87890a08c6333acb375d8852128ed413d12ea,0x8b660da0f7c74d2464a19a3d67e202dcb6bcfdaf,0x3619c6eb1ba194fb81f5a23e6f8ff9a836aa6b32,95862451543857.0,Freedom,FREE,9,7,352748,83579842895,262682,937457,deprecated,918348
304,14265674,2022-02-24 00:45:40,0xc586c3cc48e83001e606ce5d1e91995dbead13b53146136bfbef1d7929de9b06,352,0x644f36aa2e01a759eb74d80150777a93d9564c54236a7132ea7608acb5fca7fe,0x3619c6eb1ba194fb81f5a23e6f8ff9a836aa6b32,0x9718b20a8cd4421c1867a25533b2ddec4a4c4be4,0x876bc7644652685f549c244323e72ed9438de817,129445615556879.0,Roaring Twenties,ROAR,9,52,262315,61973650964,194468,5705377,deprecated,918295
305,14265678,2022-02-24 00:46:19,0x96955d9758b5080797707597e0acbe5a7ce80b98693b186396f634ab2aca21ce,353,0x6f5243e07a5ca22718ad7a706a28c21273b277218065e33ca2460d70aae42afc,0xe5a87890a08c6333acb375d8852128ed413d12ea,0x8b660da0f7c74d2464a19a3d67e202dcb6bcfdaf,0x3619c6eb1ba194fb81f5a23e6f8ff9a836aa6b32,170047961660692.0,Freedom,FREE,9,71,323293,67604203879,238898,5872855,deprecated,918291
306,14289732,2022-02-27 18:07:39,0xf7c059ff094849e816fb3585702c749c0b64c802c2e3d9b5fcca8f4b293290d0,356,0x8929eae966158e250af39f39192f973b26a02079f5ed1b12017161e217200671,0x3619c6eb1ba194fb81f5a23e6f8ff9a836aa6b32,0x8b660da0f7c74d2464a19a3d67e202dcb6bcfdaf,0xe5a87890a08c6333acb375d8852128ed413d12ea,356416496105519.0,Freedom,FREE,9,89,617223,57236090033,420025,8556515,deprecated,894237
307,14290149,2022-02-27 19:34:51,0x24cdc3f4a5da6d82eab3a5583d88e6442ad1ff993e35a203ab66242db79b7e80,357,0xb676dfc1b7f69c7348111181352a6a39136850cd968292a555d19f51ea9e62ee,0xe8324095b9ec2af8035cfa7a5b53ca7c8d8ef14d,0xafd5c8165af74f242832baefefe3bae783652e30,0x3619c6eb1ba194fb81f5a23e6f8ff9a836aa6b32,3.917251274136783e+19,Smuppy Token,SMUPPY,9,180,255490,55790278749,187666,25327774,deprecated,893820
308,14291585,2022-02-28 01:01:43,0x4268cb8c00c78572b977422918d4d4c7408eadb166090b8b9ceb04f1201282c2,359,0x98001f5578d906f8c680288162f4e7666a318b8638329734bfdf5d2900006414,0x3619c6eb1ba194fb81f5a23e6f8ff9a836aa6b32,0xafd5c8165af74f242832baefefe3bae783652e30,0xe8324095b9ec2af8035cfa7a5b53ca7c8d8ef14d,3.917251274136783e+19,Smuppy Token,SMUPPY,9,73,241384,47822456390,172226,6112573,deprecated,892384
309,14295713,2022-02-28 16:28:45,0xd9624e71333eba659c3f1300079b5e3423cf5a6c29bce85b7d49c28a2631c5e5,361,0x535c84cb7d33a7a06f4be63055727dc4b24e74fa3ab30684f0ded706a8766062,0xe8324095b9ec2af8035cfa7a5b53ca7c8d8ef14d,0xafd5c8165af74f242832baefefe3bae783652e30,0x3619c6eb1ba194fb81f5a23e6f8ff9a836aa6b32,3.4678270763983995e+19,Smuppy Token,SMUPPY,9,58,255490,55154194063,187666,7000061,deprecated,888256
310,14295905,2022-02-28 17:12:41,0xee7bc374628425fe0baf590ca6a9cbaa6f332be467e38ef853c62f172e2f5496,362,0x55ec8932f57c632c5cc1b0907ab4a8475bb75ab45afa6e3f68dbd44ffefb5f2e,0x3619c6eb1ba194fb81f5a23e6f8ff9a836aa6b32,0xafd5c8165af74f242832baefefe3bae783652e30,0xe8324095b9ec2af8035cfa7a5b53ca7c8d8ef14d,3.4678270763983995e+19,Smuppy Token,SMUPPY,9,129,241384,120987941781,172226,10213504,deprecated,888064
311,14295918,2022-02-28 17:15:26,0x0d8501c49c3a41845ba37389ac595c65d1679bfce6f6578613dfa818b677fc45,365,0x66cd2d37e400f1baf2114b8fbd08c206c364c57279682724de55907ed9dfd7f2,0x3619c6eb1ba194fb81f5a23e6f8ff9a836aa6b32,0xc02aaa39b223fe8d0a0e5c4f27ead9083c756cc2,0x5c66d554be04aed57e3944de6cf68e29f956e65c,9e+17,Wrapped Ether,WETH,18,173,229313,103772422357,214725,12817027,deprecated,888051
312,14311519,2022-03-03 03:12:48,0x008f1877e348b712cf2d60f4a68a4969900eaaa4cdec27d36cae9681700025b6,366,0x30c45679640d59b09999143211f7123c116919a6999a15f0bc848020f187ddbf,0xcaac156f6ecff8e45482ad5aaa1f57dfb316c82c,0xc9f1b23074849d5d6de462af57dae5d3309a1ecc,0x3619c6eb1ba194fb81f5a23e6f8ff9a836aa6b32,2.8090586402044785e+19,Kevin,KEVIN,9,79,238702,49298059610,183772,7696106,deprecated,872450
313,14311645,2022-03-03 03:38:05,0xaf0dbbcd0cbcab2ec7bc1bbec61619f99710de16c4ed0bbbdcf1929bfff54702,369,0xeccf5a718212f7b7412c32cfc164e2df7ac60d7359c0f260066a8a2772efeb0f,0x288df981f8186e38032eae415b77c156068c158c,0x024db8665c2f63d5a48dd0c813701c7dc40eb404,0x3619c6eb1ba194fb81f5a23e6f8ff9a836aa6b32,4.3101717330758643e+24,Smuppy Token,SMUPPY,18,283,281124,34552899715,206445,29611408,deprecated,872324
314,14315290,2022-03-03 17:09:17,0x3e9baebd520af655ee9fd3f8dc7f6440cb7d601e46f900b95fefb0bd073123fc,205,0xe6ef5ef8455d1db012c728489913b09164b09171c3605d8ab2b77683d3ec7c14,0xfaef8ce36672b934010f043f9e81e3aba3a8cba7,0x39317b8a1ae06c30bb615d88cdc5522781499f1c,0x3619c6eb1ba194fb81f5a23e6f8ff9a836aa6b32,1e+23,BRAINS,BRAINS,18,75,87471,60131546012,58314,4529730,deprecated,868679
315,14316647,2022-03-03 22:14:40,0x887083481ba17ff4a7cfea8b49b6b9ecdce2a9bf5915c281d4688c2dfc19724d,371,0x67fa0395fcaa73d3d1189fb763fc03f73377f0018bbbe9962b656781a344affa,0x3619c6eb1ba194fb81f5a23e6f8ff9a836aa6b32,0xc9f1b23074849d5d6de462af57dae5d3309a1ecc,0xcaac156f6ecff8e45482ad5aaa1f57dfb316c82c,2.515874377983654e+19,Kevin,KEVIN,9,104,414978,71586914510,275510,8708630,deprecated,867322
316,14316659,2022-03-03 22:17:05,0xd089b6941e89d9c90a40fc1cb4e6ee28156850ab0c2d7192041c48ecaa8f847f,372,0x829d70043c18b191314196afa64cbbafd57352899f74af1ac96fe67233242486,0xffe7d4ac0609beccf6c38950d825a557976ed64b,0x9046ee9bcbc1394a91cb41ced1939b69a7352abe,0x3619c6eb1ba194fb81f5a23e6f8ff9a836aa6b32,1.0632530277233904e+19,ONERING,RING,18,65,234243,50963983466,178875,4550487,deprecated,867310
317,14317854,2022-03-04 02:45:38,0x46168d1f59d573c24eacfbe7f168a051505d268462539efd5ed85a329b6673d0,373,0x877327431c5581d1bc5d250b05a10551b229912f949df856ac9d353c05c31eb0,0xa488538cfbe1e9590622df5df0c98676d12a662c,0x0c6173feb70e6db560bc89ac014cb5d97583b111,0x3619c6eb1ba194fb81f5a23e6f8ff9a836aa6b32,5.029176625740096e+19,King,KING,18,113,262712,42178204185,191492,9505779,deprecated,866115
318,14318539,2022-03-04 05:26:42,0xda077ea7f9d7473709e2f373ac2cb192085ea9d50b5c6d502880a1313cfc6f34,374,0x220a2151b1a395e105e1ca5caba4c3bf10916d822a672984e4dd89a2302d63eb,0xa488538cfbe1e9590622df5df0c98676d12a662c,0x0c6173feb70e6db560bc89ac014cb5d97583b111,0x3619c6eb1ba194fb81f5a23e6f8ff9a836aa6b32,2.8666973571693564e+19,King,KING,18,105,241534,33739765126,174392,7979353,deprecated,865430
319,14318734,2022-03-04 06:09:07,0x9dce088aa5756ffc727c07c25fc8c8a105633dc60975af552642c92c06c9ff19,377,0x0a7fa0349c90ae54611a5341b77d7c29d2bcb584d661ab19cab17d2fbc2b0600,0xa488538cfbe1e9590622df5df0c98676d12a662c,0x0c6173feb70e6db560bc89ac014cb5d97583b111,0x3619c6eb1ba194fb81f5a23e6f8ff9a836aa6b32,1.2263101223067361e+19,King,KING,18,188,241506,28571714720,174368,26109976,deprecated,865235
320,14321649,2022-03-04 16:37:43,0xc475eff5a670250e48d704007c5246f1bd0b16f7b93acc4b6ced696a91e8f14d,379,0x8e41f64c86ec740920a5ebba4f536135f2d18ded374355480111c75ad7f8c6f1,0x3619c6eb1ba194fb81f5a23e6f8ff9a836aa6b32,0x0c6173feb70e6db560bc89ac014cb5d97583b111,0x0c6173feb70e6db560bc89ac014cb5d97583b111,1.3683276157824283e+19,King,KING,18,206,499743,42346613924,339325,18083959,deprecated,862320
321,14321656,2022-03-04 16:39:25,0xaa2caa3fd80003d59b5dbc877558844e11cb9cfa008677eba9c8d202b4c630d9,380,0xa174c64bceafeaafaa913f0b0418cda3a01776a18df9310254222a9be230c70d,0x3619c6eb1ba194fb81f5a23e6f8ff9a836aa6b32,0x39317b8a1ae06c30bb615d88cdc5522781499f1c,0xe5d6fc7323d74ad440ca53d3e53252427ad632ed,1e+23,BRAINS,BRAINS,18,41,372986,44515807398,247516,2425814,deprecated,862313
322,14321664,2022-03-04 16:40:59,0xccfae24504721b9ee8ef4484627a5f10db041d1eb64eeaa02385a0c3eb331979,381,0xfe051768abaf94584e59cbd5773a2f01007a1cb80084fd45af5b31a691ce843b,0xe5a87890a08c6333acb375d8852128ed413d12ea,0x8b660da0f7c74d2464a19a3d67e202dcb6bcfdaf,0x3619c6eb1ba194fb81f5a23e6f8ff9a836aa6b32,411396370251585.0,Freedom,FREE,9,185,388004,40473708794,293952,17742413,deprecated,862305
323,14328037,2022-03-05 16:51:01,0x90bbe5b34a55ecb3427562c5ba80aeb1bfa7d5112dc1c8819928cb466dc30b05,386,0xf935f8ee74bce498a88aa14c9bfcc39314679cf1d9affa0c0bd456c353f1dbe1,0x3619c6eb1ba194fb81f5a23e6f8ff9a836aa6b32,0x8b660da0f7c74d2464a19a3d67e202dcb6bcfdaf,0xe5a87890a08c6333acb375d8852128ed413d12ea,355857860267622.0,Freedom,FREE,9,88,390326,41763437637,279144,10028650,deprecated,855932
324,14328171,2022-03-05 17:17:46,0x2758ce05bc5e339b21a1dcd2c02272b9381d509dbe51c1b96552ab189616d70a,387,0x4afa396e850455207127d797ca8020a3ece56f1c31523135f8103256742816ba,0x0000000000000000000000000000000000000000,0x39317b8a1ae06c30bb615d88cdc5522781499f1c,0x3619c6eb1ba194fb81f5a23e6f8ff9a836aa6b32,1.6788318724647812e+23,BRAINS,BRAINS,18,281,109136,41353503130,104148,27067043,deprecated,855798
325,14328176,2022-03-05 17:18:48,0x674b46854efb2b7a7130e8bcd445e58223fcb8d908b940aebe82f0ee5d7cf914,388,0xf1e1c5cc499c2dc5d01bf98e58046d9fd0082a059673b8cbac3e65061bdb8c47,0x3619c6eb1ba194fb81f5a23e6f8ff9a836aa6b32,0x39317b8a1ae06c30bb615d88cdc5522781499f1c,0xe5d6fc7323d74ad440ca53d3e53252427ad632ed,1.6788318724647812e+23,BRAINS,BRAINS,18,214,373015,37157149032,247535,19123205,deprecated,855793
326,14335823,2022-03-06 21:52:48,0x8c1f28fe23c5a35fb6a15ea30c6dd8a141f47b162b1a9db0bb86bf176d98eb77,391,0x29d9125ee7f41fb0d8da0907b2446ecae897d9605f2de0f12039255d089f89b9,0x22157a7fd6f2a8ee8df4621b52b8febe83934714,0xdcaca05de9ade34f3fcb9ce94d1b7930093e526e,0x3619c6eb1ba194fb81f5a23e6f8ff9a836aa6b32,2613979356903981.0,Degen,DEGEN,9,137,330035,36607864262,242371,13590650,deprecated,848146
327,14338034,2022-03-07 06:03:39,0x78f99d158e7dcc6147e1321c878fb2286d64f6b9c1445c98c34bad7f3cb255e1,393,0x91b7eed2fc6c7ceccfee6b7714bafa6375269bf96e1f268e5f70b761f2e793f3,0x3619c6eb1ba194fb81f5a23e6f8ff9a836aa6b32,0xdcaca05de9ade34f3fcb9ce94d1b7930093e526e,0xe0e23a68e124abbf822ba85b99693b406d0b81d8,2597136450395372.0,Degen,DEGEN,9,216,155424,21892941557,103616,16828166,deprecated,845935
328,14373294,2022-03-12 17:33:23,0xf2ef0abc0897ef8c26894658f980d2b7039c6a78a4f17fa130779dabb88aacb0,397,0xd538332875124ce30a6674926ae6befa2358ac0a03c70d60c24e74ad7bdf2505,0xd24a7b3978ba51bb49b55436661eb380ab07d3aa,0xf62dfb9408caff956b31b28325ce4923a05af54c,0x3619c6eb1ba194fb81f5a23e6f8ff9a836aa6b32,2.484e+26,NationalCryptoAthleticAssociation,NCAA,18,332,222477,29186054719,151018,28128193,deprecated,810675
329,14374327,2022-03-12 21:17:43,0x70607165fcd54e210e8ee5fb0d46b24ba3a46303a6986f3c8aaeca3a243e92d7,399,0x9658452703ff38f2bb8ba239a6773e4bfea92d27d6a658a37660f71496fdcb10,0x3619c6eb1ba194fb81f5a23e6f8ff9a836aa6b32,0xf62dfb9408caff956b31b28325ce4923a05af54c,0xf62dfb9408caff956b31b28325ce4923a05af54c,2.9808e+25,NationalCryptoAthleticAssociation,NCAA,18,58,360166,25983013590,230636,5869836,deprecated,809642
330,14374327,2022-03-12 21:17:43,0x70607165fcd54e210e8ee5fb0d46b24ba3a46303a6986f3c8aaeca3a243e92d7,399,0x9658452703ff38f2bb8ba239a6773e4bfea92d27d6a658a37660f71496fdcb10,0x3619c6eb1ba194fb81f5a23e6f8ff9a836aa6b32,0xf62dfb9408caff956b31b28325ce4923a05af54c,0xd24a7b3978ba51bb49b55436661eb380ab07d3aa,2.18592e+26,NationalCryptoAthleticAssociation,NCAA,18,58,360166,25983013590,230636,5869836,deprecated,809642
331,14374332,2022-03-12 21:18:27,0xaa39a88be542078a5db6fb298b995c2312c8abfdefc00df65a18bbd23c8839c7,400,0x976176c8fea08e4bd7bf83f9b05de6105e34c99571fe1282b8a63a867f7f7db9,0x439ae0bfdbbbe235c986994c8784c5e71624949d,0x8c5b7f8e055afacdda801fc7bf8f8a1266661080,0x3619c6eb1ba194fb81f5a23e6f8ff9a836aa6b32,7524779144.0,UnitBias,UB,9,52,248694,23180226763,171342,3901345,deprecated,809637
332,14374375,2022-03-12 21:28:00,0xe7261f87a776ba9a3e2f094c3b4f1cfcaff5e90589c0040a38b933c04510dd0b,401,0x33882987ee364935604afc1564ec9a69d37a20636115e6a7ef22ae9ff97a545c,0x3619c6eb1ba194fb81f5a23e6f8ff9a836aa6b32,0x8c5b7f8e055afacdda801fc7bf8f8a1266661080,0xe0e23a68e124abbf822ba85b99693b406d0b81d8,7536177717.0,UnitBias,UB,9,171,134749,26854793555,82161,9277363,deprecated,809594
333,14628855,2022-04-21 14:34:47,0xc80de388238b0177ee8a5a90a46b9155aa760e38fa125e51d7dc699a034455f8,404,0xaf16823c3590516eb51ce4b12002a15a0508a7a5dd2b45d7838975e14380f814,0xf2692f152dc96cdac4ba5be7ac53762b4dbf2fc9,0xa010e37405eb57437a381daae88e5c3913d0796c,0x3619c6eb1ba194fb81f5a23e6f8ff9a836aa6b32,32281266115322.0,WeAreSatoshi,SATS,9,66,285034,70129793217,187402,5924698,deprecated,555114
334,14633375,2022-04-22 07:35:14,0xfa714abd23f653ae0911044bf2cefe1775a0a48ec0597bd12a2cac1cbeb1db75,406,0x379ab69a777e1e279824390fe339aa411f816d512e8915d593a8e36ccd608c08,0x3619c6eb1ba194fb81f5a23e6f8ff9a836aa6b32,0xa010e37405eb57437a381daae88e5c3913d0796c,0xe0e23a68e124abbf822ba85b99693b406d0b81d8,32281266115322.0,WeAreSatoshi,SATS,9,86,440400,27940148071,233321,5953783,deprecated,550594
335,14839535,2022-05-25 03:26:17,0xa62fc31c1ba9c16aae0b9c1f1edf5ac8ee7ddc65cd8353152ca640388ae58e69,408,0xc55b86d1ae695cda718598c9db6bc0baf445230151f1c8d5349ab2a62b91af2d,0xe0e23a68e124abbf822ba85b99693b406d0b81d8,0x8bbca43de63019b9d87e21b572b2db8ade7692d8,0x3619c6eb1ba194fb81f5a23e6f8ff9a836aa6b32,1.3089792887469602e+22,NFTicket.finance,KENO,18,38,353394,20575024029,235473,6736324,deprecated,344434
336,14843772,2022-05-25 19:52:38,0x5c0d2b5eafa3beaa54a468680b509895a8212344f8e1fc7acedb47731b6e5896,411,0x702c79da5a4081722504e85d72d11ed326b143ccd768b75565be8d0bfdd4a62b,0x3619c6eb1ba194fb81f5a23e6f8ff9a836aa6b32,0x8bbca43de63019b9d87e21b572b2db8ade7692d8,0x8bbca43de63019b9d87e21b572b2db8ade7692d8,1.0471834309975681e+21,NFTicket.finance,KENO,18,30,308115,47828212354,208635,2528685,deprecated,340197
337,14843772,2022-05-25 19:52:38,0x5c0d2b5eafa3beaa54a468680b509895a8212344f8e1fc7acedb47731b6e5896,411,0x702c79da5a4081722504e85d72d11ed326b143ccd768b75565be8d0bfdd4a62b,0x3619c6eb1ba194fb81f5a23e6f8ff9a836aa6b32,0x8bbca43de63019b9d87e21b572b2db8ade7692d8,0x6c713fe051497b1c7c9808f396bc31e94fb0194f,1.2042609456472033e+22,NFTicket.finance,KENO,18,30,308115,47828212354,208635,2528685,deprecated,340197
338,14844589,2022-05-25 23:07:33,0x0fe6da8a27ba5e4cd12f43d0c9c28d4ce600876e47b8c6a08f7c473725544bf3,414,0x2b103ad5436de572a2a004f321f4efd5d2a46cf2b8efc267d8076fa501212b60,0xf2d0168df975ff1d7035e64af24ac589ba7a05f4,0x099d60fe4074cb1f160cfab83074b0a06f14d95b,0x3619c6eb1ba194fb81f5a23e6f8ff9a836aa6b32,1.0,SIMPTOKEN v2,SIMP,18,160,282990,41086534818,211861,17604050,deprecated,339380
339,14845359,2022-05-26 02:17:16,0x93311a35c2b83d0f3ef13f5004edad2f9dddb43662a17f5455f4ed91e61fe007,416,0x4f9ebc068eeca7f0c7085622e9d8c1dd6ef0fa6d2d01e94f561a49e68b88815e,0x3a58f9eb30e14ff869f6484d2108d2778c02cffb,0x05c2d552e8bbdc3f551a7126433f9251bcd96904,0x3619c6eb1ba194fb81f5a23e6f8ff9a836aa6b32,3.507025384216952e+17,Shiku,SHIKU,9,197,263973,28816871115,182467,14204460,deprecated,338610
340,14845372,2022-05-26 02:20:24,0x3b61cea0a2cc435b26f34788a7763ee4c07b3f9750f6ec81605e0f0298bf0d86,417,0xda499bf2497de35a65a11f3eececc95a8ecdb9d139740b523c68b484652ca9af,0x88e6a0c2ddd26feeb64f039a2c41296fcb3f5640,0xa0b86991c6218b36c1d19d4a2e9eb0ce3606eb48,0x3619c6eb1ba194fb81f5a23e6f8ff9a836aa6b32,486815212.0,USD Coin,USDC,6,86,195730,33283110689,138216,5903649,deprecated,338597
341,14845380,2022-05-26 02:21:39,0x793aa76afa46ffb7659fbf06535d971a7d03492458720e8b2f9e06c452c8f1cc,418,0x61708c714d32c3a42d226cb1451a15edb7c040ae986b9a202647af625d34c463,0x3619c6eb1ba194fb81f5a23e6f8ff9a836aa6b32,0xa0b86991c6218b36c1d19d4a2e9eb0ce3606eb48,0xf276fc600b33e94a11be32949cdd1a57bb963a8c,486815212.0,USD Coin,USDC,6,234,243744,26967709999,163463,16527895,deprecated,338589
342,14845380,2022-05-26 02:21:39,0x793aa76afa46ffb7659fbf06535d971a7d03492458720e8b2f9e06c452c8f1cc,418,0x61708c714d32c3a42d226cb1451a15edb7c040ae986b9a202647af625d34c463,0xf276fc600b33e94a11be32949cdd1a57bb963a8c,0x4807f3065660e0e3b408396627b09f19a9485fe5,0x3619c6eb1ba194fb81f5a23e6f8ff9a836aa6b32,2.3053778068961e+29,ApeGotchi,ApeGotchi,18,234,243744,26967709999,163463,16527895,deprecated,338589
343,14845489,2022-05-26 02:48:19,0x49a33fe6326d5200288089dc0f48c2d952241809840353e781b0813cb5779520,420,0xd3b915a2c9ab02091b943469e09af449500f0708258390a85233e80db869075d,0x3619c6eb1ba194fb81f5a23e6f8ff9a836aa6b32,0x4807f3065660e0e3b408396627b09f19a9485fe5,0xf276fc600b33e94a11be32949cdd1a57bb963a8c,2.3053778068961e+29,ApeGotchi,ApeGotchi,18,154,179629,28050815029,140089,13696516,deprecated,338480
344,14845489,2022-05-26 02:48:19,0x49a33fe6326d5200288089dc0f48c2d952241809840353e781b0813cb5779520,420,0xd3b915a2c9ab02091b943469e09af449500f0708258390a85233e80db869075d,0xf276fc600b33e94a11be32949cdd1a57bb963a8c,0xa0b86991c6218b36c1d19d4a2e9eb0ce3606eb48,0x3619c6eb1ba194fb81f5a23e6f8ff9a836aa6b32,456935959.0,USD Coin,USDC,6,154,179629,28050815029,140089,13696516,deprecated,338480
345,14845498,2022-05-26 02:49:17,0x8ce9a33493e3f8c978dcc2780945d2790aae784e2c8ac75cec05a7c3528f57a0,421,0x02f35b0aaecc19e1fe5134284e68b08ed9c793f83f1e0ddd4cf57a213803c441,0x3619c6eb1ba194fb81f5a23e6f8ff9a836aa6b32,0xa0b86991c6218b36c1d19d4a2e9eb0ce3606eb48,0x88e6a0c2ddd26feeb64f039a2c41296fcb3f5640,456935959.0,USD Coin,USDC,6,177,239823,22705694437,158980,17522958,deprecated,338471
346,14845502,2022-05-26 02:50:01,0xc45039be91facdd3db3f87f694d2f436fa6c482d820b15f1feb2ff2d9c5ddd13,422,0x42f4c0383307816f75cdab60cf8e2157d253ee9460ff53a7d82ef1e21820ea27,0x3a58f9eb30e14ff869f6484d2108d2778c02cffb,0x05c2d552e8bbdc3f551a7126433f9251bcd96904,0x3619c6eb1ba194fb81f5a23e6f8ff9a836aa6b32,1.4997695187059158e+17,Shiku,SHIKU,9,149,242797,23835978512,175783,16668213,deprecated,338467
347,14850399,2022-05-26 22:00:09,0xf59b55f1d03d0ec92d97d4084c9b2a2ec27cddc3963f33d5071ac26053fb5e32,424,0x4a5933f9d0a400661f6f126692d55e5c7c3742413d7fc33cbcdcfdce9b529314,0x3619c6eb1ba194fb81f5a23e6f8ff9a836aa6b32,0x05c2d552e8bbdc3f551a7126433f9251bcd96904,0x000000000000000000000000000000000000dead,0.0,Shiku,SHIKU,9,106,387697,41147608829,268653,8799701,deprecated,333570
348,14850399,2022-05-26 22:00:09,0xf59b55f1d03d0ec92d97d4084c9b2a2ec27cddc3963f33d5071ac26053fb5e32,424,0x4a5933f9d0a400661f6f126692d55e5c7c3742413d7fc33cbcdcfdce9b529314,0x3619c6eb1ba194fb81f5a23e6f8ff9a836aa6b32,0x05c2d552e8bbdc3f551a7126433f9251bcd96904,0x05c2d552e8bbdc3f551a7126433f9251bcd96904,3.004076941753721e+16,Shiku,SHIKU,9,106,387697,41147608829,268653,8799701,deprecated,333570
349,14850399,2022-05-26 22:00:09,0xf59b55f1d03d0ec92d97d4084c9b2a2ec27cddc3963f33d5071ac26053fb5e32,424,0x4a5933f9d0a400661f6f126692d55e5c7c3742413d7fc33cbcdcfdce9b529314,0x3619c6eb1ba194fb81f5a23e6f8ff9a836aa6b32,0x05c2d552e8bbdc3f551a7126433f9251bcd96904,0x3a58f9eb30e14ff869f6484d2108d2778c02cffb,4.706387208747496e+17,Shiku,SHIKU,9,106,387697,41147608829,268653,8799701,deprecated,333570
350,14850522,2022-05-26 22:23:39,0x31b9ca6803a862a6f72f7ab1bc7ed3f5c0dadafd1081618d58ca50a0fc7a14df,425,0xde75f08368c60759fa8584fb070d94b95ff81981f2ef625df4b767746a872de7,0x3a58f9eb30e14ff869f6484d2108d2778c02cffb,0x05c2d552e8bbdc3f551a7126433f9251bcd96904,0x3619c6eb1ba194fb81f5a23e6f8ff9a836aa6b32,6.64382262754174e+17,Shiku,SHIKU,9,153,264002,30663581488,192907,11534288,deprecated,333447
351,14851188,2022-05-27 01:05:40,0x053fc54c6e2f5bbaa261978f28f405827a24a1a9810f78c24824a896c025a119,426,0x50bb65efe66ad0d4fa032ad3c0b1467e0336124837b287448adf84ce492e8095,0x3619c6eb1ba194fb81f5a23e6f8ff9a836aa6b32,0x05c2d552e8bbdc3f551a7126433f9251bcd96904,0x000000000000000000000000000000000000dead,0.0,Shiku,SHIKU,9,307,387682,55424231472,273441,24050154,deprecated,332781
352,14851188,2022-05-27 01:05:40,0x053fc54c6e2f5bbaa261978f28f405827a24a1a9810f78c24824a896c025a119,426,0x50bb65efe66ad0d4fa032ad3c0b1467e0336124837b287448adf84ce492e8095,0x3619c6eb1ba194fb81f5a23e6f8ff9a836aa6b32,0x05c2d552e8bbdc3f551a7126433f9251bcd96904,0x05c2d552e8bbdc3f551a7126433f9251bcd96904,3.986293572e+16,Shiku,SHIKU,9,307,387682,55424231472,273441,24050154,deprecated,332781
353,14851188,2022-05-27 01:05:40,0x053fc54c6e2f5bbaa261978f28f405827a24a1a9810f78c24824a896c025a119,426,0x50bb65efe66ad0d4fa032ad3c0b1467e0336124837b287448adf84ce492e8095,0x3619c6eb1ba194fb81f5a23e6f8ff9a836aa6b32,0x05c2d552e8bbdc3f551a7126433f9251bcd96904,0x3a58f9eb30e14ff869f6484d2108d2778c02cffb,6.2451932628e+17,Shiku,SHIKU,9,307,387682,55424231472,273441,24050154,deprecated,332781
354,14851193,2022-05-27 01:07:53,0xedfa79c9337e1a36295e740141b93f8e8b7aefc596e80a0880ada4d9424f7343,427,0xc1a84d0c71326dd9ba4d256af74b92f0191792849115de905babe416e395b3a8,0x493d7f478e682e4716edb49eb755f24d86394f53,0x57da1efcc2f5efc041e0a3f4507c85e4c2b6c69f,0x3619c6eb1ba194fb81f5a23e6f8ff9a836aa6b32,1.8585349837544648e+23,Salamander,$SALLY,18,257,231583,61166932289,166416,19829243,deprecated,332776
355,14851450,2022-05-27 02:03:17,0xdad7197b2ed8b233c1a11e90a667bc5a9adab1306ee0039ace9f1a4d615a8ecb,429,0x130ac807615ce4f6603e9557453fbc5e5121afcde6d42e2b00d8e3ff2e4ce01a,0x3619c6eb1ba194fb81f5a23e6f8ff9a836aa6b32,0x57da1efcc2f5efc041e0a3f4507c85e4c2b6c69f,0x493d7f478e682e4716edb49eb755f24d86394f53,1.8492423088356922e+23,Salamander,$SALLY,18,58,379953,57645872665,252160,4622572,deprecated,332519
356,15002850,2022-06-21 15:01:10,0x477f0959f9c2dcada0a6aa9089ad0e24663479708cecb7d5b1435cb74f078975,433,0x4232a87e3aa884f5f24cb4e975eab39f24269f9aedaf48251f7f3b02fb992e5b,0x2244deba8c0e788a60b30b805ff970e082bdbc5a,0xc02aaa39b223fe8d0a0e5c4f27ead9083c756cc2,0x3619c6eb1ba194fb81f5a23e6f8ff9a836aa6b32,6.711e+17,Wrapped Ether,WETH,18,52,211094,60918530902,201374,5213160,deprecated,181119
357,15002850,2022-06-21 15:01:10,0x477f0959f9c2dcada0a6aa9089ad0e24663479708cecb7d5b1435cb74f078975,433,0x4232a87e3aa884f5f24cb4e975eab39f24269f9aedaf48251f7f3b02fb992e5b,0x3619c6eb1ba194fb81f5a23e6f8ff9a836aa6b32,0xc02aaa39b223fe8d0a0e5c4f27ead9083c756cc2,0x8de9c5a032463c561423387a9648c5c7bcc5bc90,1.67775e+16,Wrapped Ether,WETH,18,52,211094,60918530902,201374,5213160,deprecated,181119
358,15002883,2022-06-21 15:09:08,0x3243d0abd59533d85e92c1c9ef2d367ce59b3c5d02561382db2c95896fa76555,437,0x835fc7128a1fb66b3182e27a2c537ccb5aea37c52f53f292c25ca6b0c3fe18c2,0x2dde9db1189d415c11b69d9a035730b84a727df1,0x5d2fa9f74744176470ab42c0d0207bc8e8337359,0x3619c6eb1ba194fb81f5a23e6f8ff9a836aa6b32,1.6429398902239062e+23,BoomerangCapital,BOOM,18,202,959037,69588827581,588839,23303449,deprecated,181086
359,15010892,2022-06-23 03:09:12,0x189ebd0ccb0c606ef12463f79f0a392d67da3c496e2a40b8228987c39fdb5707,440,0xd37f1175b1c400c190da5624dab142051bd35dc5de0544be92cb32ee9287dfa8,0x3619c6eb1ba194fb81f5a23e6f8ff9a836aa6b32,0x5d2fa9f74744176470ab42c0d0207bc8e8337359,0x5d2fa9f74744176470ab42c0d0207bc8e8337359,1.6429398902239062e+22,BoomerangCapital,BOOM,18,441,496105,40453857816,379693,23202667,deprecated,173077
360,15010892,2022-06-23 03:09:12,0x189ebd0ccb0c606ef12463f79f0a392d67da3c496e2a40b8228987c39fdb5707,440,0xd37f1175b1c400c190da5624dab142051bd35dc5de0544be92cb32ee9287dfa8,0x3619c6eb1ba194fb81f5a23e6f8ff9a836aa6b32,0x5d2fa9f74744176470ab42c0d0207bc8e8337359,0x2dde9db1189d415c11b69d9a035730b84a727df1,1.4786459012015156e+23,BoomerangCapital,BOOM,18,441,496105,40453857816,379693,23202667,deprecated,173077
361,15010893,2022-06-23 03:09:21,0x4aacfa3df912720faa647f24ad00dc36facda18a5213e4ae088e11e9d96478d9,441,0xe1ad308e0c3cf93b45a2616935377e25a11e929a8a9e34033ac686c0be76d79b,0xe745e1c9e177c1dfe51e2734f5842d6f3b97bb10,0xc0b182b2e06164568a3310ca1086e9bf19209e6c,0x3619c6eb1ba194fb81f5a23e6f8ff9a836aa6b32,1.3691797064331202e+22,Pumptopia,PTPA,18,304,281145,44133381588,206461,20948282,deprecated,173076
362,15020594,2022-06-24 22:44:11,0x40c0cd255602e552f0dcbc2ac9118716902eb28f95fa02b7e370a4c099bcb8b6,443,0x948c783b7c4514112dcc205509ede69ae57df07cdced891e20b2bacdc9434be7,0x3619c6eb1ba194fb81f5a23e6f8ff9a836aa6b32,0xc0b182b2e06164568a3310ca1086e9bf19209e6c,0xc0b182b2e06164568a3310ca1086e9bf19209e6c,1.3691797064331202e+21,Pumptopia,PTPA,18,252,585024,42805729045,388874,15164828,deprecated,163375
363,15020594,2022-06-24 22:44:11,0x40c0cd255602e552f0dcbc2ac9118716902eb28f95fa02b7e370a4c099bcb8b6,443,0x948c783b7c4514112dcc205509ede69ae57df07cdced891e20b2bacdc9434be7,0x3619c6eb1ba194fb81f5a23e6f8ff9a836aa6b32,0xc0b182b2e06164568a3310ca1086e9bf19209e6c,0xe745e1c9e177c1dfe51e2734f5842d6f3b97bb10,1.2322617357898082e+22,Pumptopia,PTPA,18,252,585024,42805729045,388874,15164828,deprecated,163375
364,15020600,2022-06-24 22:45:48,0x303df6f2577cbf67c1bc2dabda53d1842a054ac8c82a6ba3a5e0dafad0a4a0d9,444,0x80b69decdebfa06cc959ce4e9b3e95b1dbe0512bb1a896ecce0a7c53d049478e,0x86d4f9f7b28cd223fca6f6e325a0d277104b1227,0xbc45eba812550481e624a3b1baa81ce7744f2e43,0x3619c6eb1ba194fb81f5a23e6f8ff9a836aa6b32,1070352065061.0,Shiba Classic,SHIBC,9,59,244705,34318466018,178158,4676768,deprecated,163369
365,15020964,2022-06-25 00:24:54,0x307926f1bbdd708bc140c2d49195af03a913c66b2e6482599bad1d37dac1efb6,446,0xa525a58f7093d4b418255054a3069e3643a1ffc4de0854703dbd15328c9486ca,0x3619c6eb1ba194fb81f5a23e6f8ff9a836aa6b32,0xbc45eba812550481e624a3b1baa81ce7744f2e43,0x86d4f9f7b28cd223fca6f6e325a0d277104b1227,1038241503110.0,Shiba Classic,SHIBC,9,240,239270,36646690036,160048,20195851,deprecated,163005
366,15020966,2022-06-25 00:25:44,0x2e47ef5c9e2af2f95c6d5718138147bb874a0c915abe55125f33c880f6064427,447,0x6458559c869b17bce7c0793f834f2ccfe62c1e2b558a6a05a9132e71bf289843,0x886b57a0c560c9864dc78de5f82a895b6562dcc8,0x65e36ae6f9fbaf81324ec5c3c3722eef6926d113,0x3619c6eb1ba194fb81f5a23e6f8ff9a836aa6b32,5.999162738113425e+18,GM Classic,GMC,9,250,335602,39901923787,250365,18342780,deprecated,163003
367,15142381,2022-07-14 18:24:11,0x155400302d316d1c3b2d2b244a8b8d7a2d61e91c61e03109036c8be9aae3ccee,451,0x6ad984c1cd5a4ff13af4f55ae43a733ba8641edb775e424c25c0874383e24430,0xbb3a29489c120d152e2e8f350cca9a22957bfbb1,0x956439a05f9e8457d20de042a0432b0e8f6a113c,0x3619c6eb1ba194fb81f5a23e6f8ff9a836aa6b32,70846391505229.0,Movement,MOVEMENT,9,91,232052,37492915966,167964,6373364,deprecated,41588
368,15142649,2022-07-14 19:21:26,0xf7bc7414e5ce9811d55dfdbd9f95344d999ee2a6076edbb985404ea009784e93,453,0x08f38ef34c450cb9cdf912a51d1d16e309bb06fd7bc254ca0adcd8588e1a5dd8,0x3619c6eb1ba194fb81f5a23e6f8ff9a836aa6b32,0x956439a05f9e8457d20de042a0432b0e8f6a113c,0xbb3a29489c120d152e2e8f350cca9a22957bfbb1,70846391505229.0,Movement,MOVEMENT,9,206,219444,31477670900,153942,18172874,deprecated,41320
369,15143005,2022-07-14 20:37:14,0x98a9e296b5407c386f92aa4f8dcba3814d7d993846cb8e7122654265e9327efb,454,0xc049c93956f747c480efd4808c64dfd7e83d2e171e44b8a2b1666e31eba0b052,0x8c1f1bf61486ba29ae493a80f3c5cc8580ee95eb,0x77132bb08b02a7a87732ec289efab45edf49884f,0x3619c6eb1ba194fb81f5a23e6f8ff9a836aa6b32,1.8731400321402695e+24,MasRelic,RELIC,18,50,321955,46922743798,239389,15668858,deprecated,40964
370,15143005,2022-07-14 20:37:14,0x98a9e296b5407c386f92aa4f8dcba3814d7d993846cb8e7122654265e9327efb,454,0xc049c93956f747c480efd4808c64dfd7e83d2e171e44b8a2b1666e31eba0b052,0x0000000000000000000000000000000000000000,0x4fd48a1d00fe555bf0fa7cefad2a72d63a3a8373,0x3619c6eb1ba194fb81f5a23e6f8ff9a836aa6b32,1.8731400321402695e+24,Mas_DividendTracker,Mas_DividendTracker,18,50,321955,46922743798,239389,15668858,deprecated,40964
371,15143662,2022-07-14 23:02:35,0xdbd277b864b7ebdbd738cc6ab68e009fb2bb786aceb81782053bafac51f01404,463,0xfc89e4470367a6c36bcfb9d27b804ba828f28168f35119b65c6d2acc3871bb62,0x3619c6eb1ba194fb81f5a23e6f8ff9a836aa6b32,0x77132bb08b02a7a87732ec289efab45edf49884f,0x77132bb08b02a7a87732ec289efab45edf49884f,1.87314e+23,MasRelic,RELIC,18,186,560779,19352184500,390188,19476792,deprecated,40307
372,15143662,2022-07-14 23:02:35,0xdbd277b864b7ebdbd738cc6ab68e009fb2bb786aceb81782053bafac51f01404,463,0xfc89e4470367a6c36bcfb9d27b804ba828f28168f35119b65c6d2acc3871bb62,0x3619c6eb1ba194fb81f5a23e6f8ff9a836aa6b32,0x77132bb08b02a7a87732ec289efab45edf49884f,0x8c1f1bf61486ba29ae493a80f3c5cc8580ee95eb,1.685826e+24,MasRelic,RELIC,18,186,560779,19352184500,390188,19476792,deprecated,40307
373,15143662,2022-07-14 23:02:35,0xdbd277b864b7ebdbd738cc6ab68e009fb2bb786aceb81782053bafac51f01404,463,0xfc89e4470367a6c36bcfb9d27b804ba828f28168f35119b65c6d2acc3871bb62,0x3619c6eb1ba194fb81f5a23e6f8ff9a836aa6b32,0x4fd48a1d00fe555bf0fa7cefad2a72d63a3a8373,0x0000000000000000000000000000000000000000,1.8731400321402695e+24,Mas_DividendTracker,Mas_DividendTracker,18,186,560779,19352184500,390188,19476792,deprecated,40307
